20 167
132 167
244 167
356 167
468 167
580 167
692 167
804 167
924 167
1036 167
1148 167
1260 167
1372 167
1484 167
1596 167
1708 167
1820 167
1940 167
2052 167
2164 167
2276 167
2388 167
2500 167
2616 167
2728 167
2840 167
2956 167
3068 167
3180 167
3296 167
3408 167
3520 167
3632 167
3744 167
3856 167
3972 167
4088 167
4200 167
4312 167
4424 167
4536 167
4648 167
4760 167
4872 167
4992 167
5104 167
5216 167
5328 167
5440 167
5552 167
5664 167
5776 167
5888 167
6008 167
6120 167
6232 167
6344 167
6456 167
6568 167
6680 167
6792 167
6904 167
7016 167
7136 167
7248 167
7360 167
7472 167
7584 167
7696 167
7812 167
7924 167
8036 167
8152 167
8264 167
8376 167
8488 167
8600 167
8712 167
8824 167
8936 167
9048 167
9168 167
9280 167
9392 167
9504 167
9616 167
9728 167
9840 167
9952 167
10064 167
10184 167
10296 167
10408 167
10520 167
10632 167
10744 167
10856 167
10972 167
11084 167
11200 167
11312 167
11424 167
11536 167
11652 167
11764 167
11876 167
11988 167
12100 167
12216 167
12332 167
12444 167
12556 167
12668 167
12780 167
12892 167
13004 167
13116 167
13236 167
13348 167
13460 167
13572 167
13684 167
13796 167
13908 167
14020 167
14132 167
14252 167
14364 167
14476 167
14588 167
14700 167
14812 167
14924 167
15036 167
15148 167
15268 167
15380 167
15492 167
15604 167
15716 167
15828 167
15940 167
16052 167
16168 167
16284 167
16396 167
16508 167
16620 167
16732 167
16848 167
16960 167
17072 167
17184 167
17300 167
17412 167
17528 167
17640 167
17752 167
17864 167
17976 167
18088 167
18200 167
18320 167
18432 167
18544 167
18656 167
18768 167
18880 167
18992 167
19104 167
19216 167
19336 167
19448 167
19560 167
19672 167
19784 167
19896 167
20008 167
20120 167
20232 167
20352 167
20464 167
20576 167
20688 167
20800 167
20912 167
21024 176
21136 1023
21248 1023
21368 1023
21480 1023
21592 1023
21704 1023
21816 1023
21928 1023
22040 1023
22156 1023
22268 1023
22384 1023
22496 1023
22608 1023
22720 1023
22836 1023
22948 1023
23060 1023
23172 1023
23284 1023
23396 1023
23512 1023
23624 1023
23736 1023
23848 1023
23960 1023
24072 1023
24184 1023
24296 1023
24408 1023
24528 1023
24640 1023
24752 1023
24864 1023
24976 1023
25088 1023
25200 1023
25316 1023
25428 1023
25544 1023
25656 1023
25768 1023
25880 1023
25996 1023
26108 1023
26220 1023
26332 1023
26444 1023
26560 1023
26676 1023
26788 1023
26900 1023
27012 1023
27124 1023
27236 1023
27348 1023
27460 1023
27580 1023
27692 1023
27804 1023
27916 1023
28028 1023
28140 1023
28252 1023
28364 1023
28476 1023
28596 1023
28708 1023
28820 1023
28936 1023
29048 1023
29168 1023
29280 1023
29392 1023
29504 1023
29616 1023
29728 1023
29840 1023
29952 1023
30064 1023
30184 1023
30296 1023
30408 1023
30520 1023
30632 1023
30744 1023
30856 1023
30968 1023
31080 1023
31200 1023
31312 1023
31424 1023
31536 1023
31648 1023
31760 1023
31876 1023
31988 1023
32100 1023
32216 1023
32328 1023
32440 1023
32556 1023
32668 1023
32780 1023
32892 1023
33004 1023
33116 1023
33232 1023
33348 1023
33460 1023
33572 1023
33684 1023
33796 1023
33908 1023
34020 1023
34132 1023
34252 1023
34364 1023
34476 1023
34588 1023
34700 1023
34812 1023
34924 1023
35036 1023
35148 1023
35268 1023
35380 1023
35492 1023
35604 1023
35716 1023
35828 1023
35940 1023
36052 1023
36164 1023
36284 1023
36396 1023
36508 1023
36620 1023
36732 1023
36844 1023
36956 1023
37072 1023
37184 1023
37300 1023
37412 1023
37524 1023
37636 1023
37752 1023
37864 1023
37976 1023
38088 1023
38200 1023
38316 1023
38432 1023
38544 1023
38656 1023
38768 1023
38880 1023
38992 1023
39104 1023
39216 1023
39336 1023
39448 1023
39560 1023
39672 1023
39784 1023
39896 1023
40008 1023
40120 1023
40232 1023
40352 1023
40464 1023
40576 1023
40688 1023
40800 1023
40912 1023
41024 1023
41136 1023
41248 1023
41360 1023
41480 1023
41592 1023
41704 1023
41816 1023
41928 167
42040 167
42152 167
42268 167
42380 167
42496 167
42608 167
42720 167
42832 167
42944 167
43056 167
43168 167
43280 167
43392 167
43512 167
43624 167
43736 167
43848 167
43960 167
44072 167
44188 167
44300 167
44412 167
44528 167
44640 167
44752 167
44868 167
44980 167
45092 167
45204 167
45316 167
45428 167
45544 167
45660 167
45772 167
45884 167
45996 167
46108 167
46220 167
46332 167
46444 167
46564 167
46676 167
46788 167
46900 167
47012 167
47124 167
47236 167
47348 167
47460 167
47580 167
47692 167
47804 167
47916 167
48028 167
48140 167
48252 167
48364 167
48476 167
48596 167
48708 167
48820 167
48932 167
49044 167
49156 167
49268 167
49384 167
49496 167
49612 167
49724 167
49836 167
49948 167
50064 167
50176 167
50288 167
50400 167
50512 167
50628 167
50744 167
50856 167
50968 167
51080 167
51192 167
51304 167
51416 167
51528 167
51648 167
51760 167
51872 167
51984 167
52096 167
52208 167
52320 167
52432 167
52544 167
52664 167
52776 167
52888 167
53000 167
53112 167
53224 167
53336 167
53448 167
53560 167
53680 167
53792 167
53904 167
54016 167
54128 167
54240 167
54352 167
54464 167
54580 167
54696 167
54808 167
54920 167
55032 167
55144 167
55260 167
55372 167
55484 167
55596 167
55712 167
55824 167
55940 167
56052 167
56164 167
56276 167
56388 167
56500 167
56612 167
56732 167
56844 167
56956 167
57068 167
57180 167
57292 167
57404 167
57516 167
57628 167
57740 167
57856 167
57968 167
58080 167
58192 167
58304 167
58420 167
58532 167
58644 167
58760 167
58872 167
58984 167
59096 167
59212 167
59324 167
59436 167
59548 167
59660 167
59776 167
59892 167
60004 167
60116 167
60228 167
60340 167
60452 167
60564 167
60676 167
60796 167
60908 167
61020 167
61132 167
61244 167
61356 167
61468 167
61580 167
61692 167
61812 167
61924 167
62036 167
62148 167
62260 167
62372 167
62484 167
62596 167
62708 167
62828 167
62940 1023
63052 1023
63164 1023
63276 1023
63388 1022
63500 1023
63612 1022
63728 1022
63844 1022
63956 1023
64068 1022
64180 1023
64292 1023
64408 1023
64520 1023
64632 1023
64744 1023
64860 1023
64972 1023
65088 1023
65200 1022
65312 1023
65424 1022
65536 1023
65648 1022
65760 1023
65880 1022
65992 1022
66104 1022
66216 1022
66328 1022
66440 1022
66552 1022
66664 1022
66776 1022
66888 1022
67008 1023
67120 1023
67232 1023
67344 1022
67456 1023
67568 1022
67680 1022
67792 1022
67904 1023
68024 1023
68136 1023
68248 1023
68360 1023
68472 1023
68584 1023
68696 1023
68808 1023
68920 1023
69040 1023
69152 1023
69264 1023
69376 1023
69488 1023
69600 1023
69712 1023
69824 1023
69936 1023
70056 1023
70168 1023
70280 1023
70392 1023
70504 1023
70616 1023
70728 1023
70844 1023
70956 1023
71072 1023
71184 1023
71296 1023
71408 1023
71524 1023
71636 1023
71748 1023
71860 1023
71972 1023
72088 1023
72204 1023
72316 1023
72428 1023
72540 1023
72652 1023
72764 1023
72876 1023
72988 1023
73108 1023
73220 1023
73332 1023
73444 1023
73556 1023
73668 1023
73780 1023
73892 1023
74004 1023
74124 1023
74236 1023
74348 1022
74460 1022
74572 1022
74684 1022
74796 1020
74908 1020
75020 1020
75140 1020
75252 1020
75364 1020
75476 1020
75588 1020
75700 1020
75812 1020
75924 1020
76036 1020
76156 1020
76268 1020
76380 1020
76492 1020
76604 1020
76716 1020
76832 1020
76944 1020
77056 1020
77172 1020
77284 1020
77396 1020
77512 1020
77624 1022
77736 1022
77848 1023
77960 1022
78072 1023
78188 1022
78304 1022
78416 1022
78528 1022
78640 1022
78752 1022
78864 1022
78976 1022
79088 1022
79208 1022
79320 1022
79432 1022
79544 1022
79656 1022
79768 1022
79880 1020
79992 1020
80104 1020
80224 1022
80336 1020
80448 1022
80560 1020
80672 1022
80784 1020
80896 1022
81008 1020
81120 1022
81240 1020
81352 1020
81464 1020
81576 1020
81688 1020
81800 1020
81912 1020
82028 1022
82140 1020
82256 1020
82368 1020
82480 1020
82592 1020
82708 1020
82820 1020
82932 1020
83044 1020
83156 1020
83268 1020
83384 1020
83496 1020
83608 1020
83720 1020
83832 163
83944 163
84056 163
84168 163
84280 163
84400 163
84512 167
84624 163
84736 167
84848 163
84960 167
85072 163
85188 167
85300 163
85416 163
85528 163
85640 167
85752 163
85868 163
85980 163
86092 163
86204 163
86316 163
86432 163
86548 163
86660 167
86780 167
86892 167
87004 167
87116 167
87228 167
87340 167
87452 167
87572 167
87684 167
87796 167
87908 167
88020 167
88132 167
88244 167
88356 167
88468 167
88588 167
88700 167
88812 167
88924 167
89036 167
89148 167
89260 167
89372 167
89488 167
89604 167
89716 167
89828 167
89940 167
90052 167
90168 167
90280 167
90392 167
90504 167
90616 167
90732 167
90848 167
90960 167
91072 167
91184 167
91296 167
91408 167
91520 167
91632 167
91752 167
91864 167
91976 167
92088 167
92200 167
92312 167
92424 167
92536 167
92648 167
92768 167
92880 167
92992 167
93104 167
93216 167
93328 167
93440 167
93552 167
93664 167
93784 167
93896 167
94008 167
94120 167
94232 167
94344 167
94456 167
94568 167
94684 167
94800 167
94912 167
95024 167
95136 167
95248 167
95364 167
95476 167
95588 167
95700 167
95816 167
95928 167
96044 167
96156 167
96268 167
96380 167
96492 167
96604 167
96716 167
96836 167
96948 167
97060 167
97172 167
97284 167
97396 167
97508 167
97620 167
97732 167
97852 167
97964 167
98076 167
98188 167
98300 167
98412 167
98524 167
98636 167
98748 167
98868 167
98980 167
99092 167
99204 167
99316 167
99428 167
99540 167
99652 167
99764 167
99884 167
99996 167
100108 167
100220 167
100332 167
100444 167
100560 167
100672 167
100784 167
100900 167
101012 167
101124 167
101240 167
101352 167
101464 167
101576 167
101688 167
101800 167
101916 167
102032 167
102144 167
102256 167
102368 167
102480 167
102592 167
102704 167
102816 167
102936 167
103048 167
103160 167
103272 167
103384 167
103496 167
103608 167
103720 167
103832 167
103952 167
104064 167
104176 167
104288 167
104400 167
104512 167
104624 167
104736 167
104848 1023
104968 1023
105080 1023
105192 1023
105304 1023
105416 1023
105528 1023
105640 1023
105756 1023
105868 1023
105984 1023
106096 1023
106208 1023
106320 1023
106436 1023
106548 1023
106660 1023
106772 1023
106884 1023
106996 1023
107112 1023
107224 1023
107336 1023
107448 1023
107560 1023
107672 1023
107784 1023
107896 1023
108008 1023
108128 1023
108240 1023
108352 1023
108464 1023
108576 1023
108688 1023
108800 1023
108916 1023
109028 1023
109144 1023
109256 1023
109368 1023
109480 1023
109596 1023
109708 1023
109820 1023
109932 1023
110044 1023
110160 1023
110276 1023
110388 1023
110500 1023
110612 1023
110724 1023
110836 1023
110948 1023
111060 1023
111180 1023
111292 1023
111404 1023
111516 1023
111628 1023
111740 1023
111852 1023
111964 1023
112076 1023
112196 1023
112308 1023
112420 1023
112532 1023
112644 1023
112756 1023
112868 1023
112980 1023
113092 1023
113212 1023
113324 1023
113436 1023
113548 1023
113660 1023
113772 1023
113884 1023
113996 1023
114112 1023
114228 1023
114340 1023
114452 1023
114564 1023
114676 1023
114792 1023
114904 1023
115016 1023
115128 1023
115244 1023
115356 1023
115472 1023
115584 1023
115696 1023
115808 1023
115920 1023
116032 1023
116144 1023
116256 1023
116368 1023
116488 1023
116600 1023
116712 1023
116824 1023
116936 1023
117048 1023
117160 1023
117272 1023
117384 1023
117504 1023
117616 1023
117728 1023
117840 1023
117952 1023
118064 1023
118176 1023
118288 1023
118404 1023
118516 1023
118632 1023
118744 1023
118856 1023
118968 1023
119084 1023
119196 1023
119308 1023
119420 1023
119532 1023
119648 1023
119764 1023
119876 1023
119988 1023
120100 1023
120212 1023
120324 1023
120436 1023
120548 1023
120668 1023
120780 1023
120892 1023
121004 1023
121116 1023
121228 1023
121340 1023
121452 1023
121564 1023
121684 1023
121796 1023
121908 1023
122020 1023
122132 1023
122244 1023
122356 1023
122468 1023
122580 1023
122700 1023
122812 1023
122924 1023
123036 1023
123148 1023
123260 1023
123372 1023
123484 1023
123600 1023
123716 1023
123828 1023
123940 1023
124052 1023
124164 1023
124280 1023
124392 1023
124504 1023
124616 1023
124732 1023
124844 1023
124960 1023
125072 1023
125184 1023
125296 1023
125408 1023
125520 1023
125632 167
125752 167
125864 167
125976 167
126088 167
126200 167
126312 167
126424 167
126536 167
126648 167
126768 167
126880 167
126992 167
127104 167
127216 167
127328 167
127440 167
127552 167
127664 167
127784 167
127896 167
128008 167
128120 167
128232 167
128344 167
128456 167
128568 167
128680 167
128800 167
128912 167
129024 167
129136 167
129248 167
129360 167
129476 167
129588 167
129700 167
129816 167
129928 167
130040 167
130156 167
130268 167
130380 167
130492 167
130604 167
130716 167
130832 167
130948 167
131060 167
131172 167
131284 167
131396 167
131508 167
131620 167
131732 167
131852 167
131964 167
132076 167
132188 167
132300 167
132412 167
132524 167
132636 167
132748 167
132868 167
132980 167
133092 167
133204 167
133316 167
133428 167
133540 167
133652 167
133764 167
133876 167
133996 167
134108 167
134220 167
134332 167
134444 167
134556 167
134668 167
134784 167
134896 167
135012 167
135124 167
135236 167
135348 167
135460 167
135572 167
135684 167
135796 167
135908 167
136028 167
136140 167
136252 167
136364 167
136476 167
136588 167
136704 167
136816 167
136928 167
137044 167
137156 167
137268 167
137384 167
137496 167
137608 167
137720 167
137832 167
137944 167
138060 167
138176 167
138288 167
138400 167
138512 167
138624 167
138736 167
138848 167
138960 167
139080 167
139192 167
139304 167
139416 167
139528 167
139640 167
139752 167
139864 167
139976 167
140096 167
140208 167
140320 167
140432 167
140544 167
140656 167
140768 167
140880 167
140992 167
141112 167
141224 167
141336 167
141448 167
141560 167
141672 167
141784 167
141900 167
142012 167
142128 167
142240 167
142352 167
142464 167
142580 167
142692 167
142804 167
142916 167
143028 167
143144 167
143260 167
143372 167
143484 167
143596 167
143708 167
143820 167
143932 167
144044 167
144164 167
144276 167
144388 167
144500 167
144620 167
144732 167
144844 167
144960 167
145072 167
145184 167
145296 167
145408 167
145520 167
145636 167
145748 167
145864 167
145976 167
146088 167
146200 167
146312 167
146424 167
146536 167
146648 167
146764 1023
146876 1023
146988 1023
147100 1023
147212 1023
147324 1023
147436 1023
147548 1023
147660 1023
147780 1023
147892 1023
148004 1023
148116 1023
148228 1023
148340 1023
148456 1023
148568 1023
148680 1023
148796 1023
148908 1023
149020 1023
149136 1023
149248 1023
149360 1023
149472 1023
149584 1023
149696 1023
149812 1023
149928 1023
150040 1023
150152 1023
150264 1023
150376 1023
150488 1023
150600 1023
150712 1023
150832 1023
150944 1023
151056 1023
151168 1023
151280 1023
151392 1023
151504 1023
151616 1023
151728 1023
151848 1023
151960 1023
152072 1023
152184 1023
152296 1023
152408 1023
152520 1023
152632 1023
152744 1023
152864 1023
152976 1023
153088 1023
153200 1023
153312 1023
153424 1023
153536 1023
153652 1023
153764 1023
153880 1023
153992 1023
154104 1023
154216 1023
154332 1023
154444 1023
154556 1023
154668 1023
154780 1023
154896 1023
155012 1023
155124 1023
155236 1023
155348 1023
155460 1023
155572 1023
155684 1023
155796 1023
155916 1023
156028 1023
156140 1023
156252 1023
156364 1023
156476 1023
156588 1023
156700 1023
156812 1023
156932 1023
157044 1023
157156 1023
157268 1023
157380 1023
157492 1023
157604 1023
157716 1023
157828 1023
157948 1023
158060 1023
158172 1023
158284 1023
158396 1023
158508 1023
158620 1023
158732 1023
158848 1023
158964 1023
159076 1023
159188 1023
159300 1023
159412 1023
159528 1023
159640 1023
159752 1023
159864 1023
159980 1023
160092 1023
160208 1023
160320 1023
160432 1023
160544 1023
160656 1023
160768 1023
160880 1023
161000 1023
161112 1023
161224 1023
161336 1023
161448 1023
161560 1023
161672 1023
161784 1023
161896 1023
162008 1023
162128 1023
162240 1023
162352 1023
162464 1023
162576 1023
162688 1023
162800 1023
162912 1023
163024 1023
163144 1023
163256 1023
163368 1023
163480 1023
163592 1023
163704 1023
163816 1023
163928 1023
164044 1023
164160 1023
164272 1023
164384 1023
164496 1023
164608 1023
164724 1023
164836 1023
164948 1023
165060 1023
165176 1023
165288 1023
165404 1023
165516 1023
165628 1023
165740 1023
165852 1023
165964 1023
166076 1023
166196 1023
166308 1023
166420 1023
166532 1023
166644 1023
166756 1023
166868 1023
166980 1023
167092 1023
167212 1023
167324 1023
167436 1023
167548 167
167660 167
167772 167
167884 167
167996 167
168108 167
168228 167
168340 167
168452 167
168564 167
168676 167
168788 167
168900 167
169012 167
169124 167
169244 167
169356 167
169468 167
169580 167
169692 167
169804 167
169920 167
170032 167
170144 167
170260 167
170372 167
170484 167
170600 167
170712 167
170824 167
170936 167
171048 167
171160 167
171276 167
171392 167
171504 167
171616 167
171728 167
171840 167
171952 167
172064 167
172176 167
172296 167
172408 167
172520 167
172632 167
172744 167
172856 167
172968 167
173080 167
173192 167
173312 167
173424 167
173536 167
173652 167
173764 167
173876 167
173992 167
174104 167
174220 167
174332 167
174444 167
174556 167
174668 167
174780 167
174892 167
175012 167
175124 167
175236 167
175348 167
175460 167
175572 167
175684 167
175796 167
175908 167
176028 167
176140 167
176252 167
176364 167
176476 167
176588 167
176700 167
176812 167
176924 167
177044 167
177156 167
177268 167
177380 167
177492 167
177604 167
177716 167
177828 167
177940 167
178060 167
178172 167
178284 167
178396 167
178508 167
178620 167
178736 167
178848 167
178960 167
179076 167
179188 167
179300 167
179416 167
179528 167
179640 167
179752 167
179864 167
179976 167
180092 167
180208 167
180320 167
180432 167
180544 167
180656 167
180768 167
180880 167
180992 167
181112 167
181224 167
181336 167
181448 167
181560 167
181672 167
181784 167
181896 167
182008 167
182128 167
182240 167
182352 167
182464 167
182576 167
182688 167
182800 167
182912 167
183024 167
183136 167
183256 167
183368 167
183480 167
183592 167
183704 167
183816 167
183932 167
184044 167
184156 167
184272 167
184384 167
184496 167
184608 167
184720 167
184832 167
184944 167
185056 167
185168 167
185288 167
185400 167
185512 167
185624 167
185736 167
185848 167
185960 167
186072 167
186184 167
186304 167
186416 167
186528 167
186640 167
186752 167
186864 167
186976 167
187092 167
187204 167
187320 167
187432 167
187544 167
187656 167
187772 167
187884 167
187996 167
188108 167
188220 167
188336 167
188452 167
188564 1023
188676 1023
188788 1023
188900 1023
189012 1023
189124 1023
189236 1023
189356 1023
189468 1023
189580 1023
189692 1023
189804 1023
189916 1023
190028 1023
190140 1023
190252 1023
190372 1023
190484 1023
190596 1023
190708 1023
190820 1023
190932 1023
191044 1023
191156 1023
191268 1023
191388 1023
191500 1023
191612 1023
191724 1023
191836 1023
191948 1023
192060 1023
192172 1023
192288 1023
192404 1023
192516 1023
192628 1023
192740 1023
192852 1023
192968 1023
193080 1023
193192 1023
193304 1023
193420 1023
193532 1023
193648 1023
193760 1023
193872 1023
193984 1023
194096 1023
194208 1023
194320 1023
194440 1023
194552 1023
194664 1023
194776 1023
194888 1023
195000 1023
195112 1023
195224 1023
195336 1023
195456 1023
195568 1023
195680 1023
195792 1023
195904 1023
196016 1023
196128 1023
196240 1023
196352 1023
196472 1023
196584 1023
196696 1023
196808 1023
196920 1023
197032 1023
197144 1023
197256 1023
197368 1023
197488 1023
197600 1023
197712 1023
197824 1023
197936 1023
198048 1023
198160 1023
198276 1023
198388 1023
198504 1023
198616 1023
198728 1023
198840 1023
198956 1023
199068 1023
199180 1023
199292 1023
199404 1023
199516 1023
199632 1023
199744 1023
199856 1023
199968 1023
200080 1023
200192 1023
200304 1023
200416 1023
200528 1023
200648 1023
200760 1023
200872 1023
200984 1023
201096 1023
201208 1023
201320 1023
201436 1023
201548 1023
201664 1023
201776 1023
201888 1023
202000 1023
202116 1023
202228 1023
202340 1023
202452 1023
202564 1023
202676 1023
202788 1023
202900 1023
203012 1023
203124 1023
203236 1023
203348 1023
203468 1023
203580 1023
203692 1023
203804 1023
203916 1023
204028 1023
204140 1023
204252 1023
204364 1023
204484 1023
204596 1023
204708 1023
204820 1023
204932 1023
205044 1023
205156 1023
205268 1023
205380 1023
205500 1023
205612 1023
205724 1023
205836 1023
205948 1023
206060 1023
206176 1023
206288 1023
206400 1023
206516 1023
206628 1023
206740 1023
206856 1023
206968 1023
207080 1023
207192 1023
207304 1023
207416 1023
207532 1023
207648 1023
207760 1023
207872 1023
207984 1023
208096 1023
208208 1023
208320 1023
208432 1023
208552 1023
208664 1023
208776 1023
208888 1023
209000 1023
209112 1023
209224 1023
209336 167
209448 167
209568 167
209680 167
209792 167
209904 167
210016 167
210128 167
210240 167
210352 167
210464 167
210576 167
210696 167
210808 167
210920 167
211032 167
211144 167
211256 167
211368 167
211484 167
211596 167
211712 167
211824 167
211936 167
212048 167
212164 167
212276 167
212388 167
212500 167
212612 167
212728 167
212844 167
212956 167
213068 167
213180 167
213292 167
213404 167
213516 167
213628 167
213748 167
213860 167
213972 167
214084 167
214196 167
214308 167
214420 167
214532 167
214644 167
214764 167
214876 167
214988 167
215100 167
215212 167
215324 167
215436 167
215548 167
215660 167
215780 167
215892 167
216004 167
216116 167
216228 167
216340 167
216452 167
216564 167
216680 167
216796 167
216908 167
217020 167
217132 167
217244 167
217360 167
217472 167
217584 167
217696 167
217812 167
217924 167
218040 167
218152 167
218264 167
218376 167
218488 167
218600 167
218712 167
218832 167
218944 167
219056 167
219168 167
219280 167
219392 167
219504 167
219616 167
219728 167
219848 167
219960 167
220072 167
220184 167
220296 167
220408 167
220520 167
220632 167
220744 167
220864 167
220976 167
221088 167
221200 167
221312 167
221424 167
221536 167
221648 167
221760 167
221880 167
221992 167
222104 167
222216 167
222328 167
222440 167
222556 167
222668 167
222780 167
222896 167
223008 167
223120 167
223236 167
223348 167
223460 167
223572 167
223684 167
223796 167
223912 167
224028 167
224140 167
224252 167
224364 167
224476 167
224588 167
224700 167
224812 167
224932 167
225044 167
225156 167
225268 167
225380 167
225492 167
225604 167
225716 167
225828 167
225940 167
226060 167
226172 167
226284 167
226396 167
226508 167
226620 167
226732 167
226844 167
226956 167
227076 167
227188 167
227300 167
227412 167
227524 167
227636 167
227748 167
227860 167
227972 167
228092 167
228204 167
228316 167
228428 167
228540 167
228652 167
228764 167
228876 167
228992 167
229108 167
229220 167
229332 167
229444 167
229556 167
229672 167
229784 167
229896 167
230008 167
230124 167
230236 167
230352 1023
230464 1023
230576 1023
230688 1023
230800 1023
230912 1023
231024 1023
231144 1023
231256 1023
