20 911
132 911
244 911
356 911
468 911
584 911
700 911
812 910
924 910
1036 908
1148 903
1260 903
1376 903
1488 903
1600 899
1716 899
1828 897
1940 896
2056 896
2168 896
2280 896
2392 896
2504 896
2616 888
2732 888
2848 880
2960 880
3072 878
3184 871
3296 871
3408 867
3520 865
3632 864
3752 860
3864 856
3976 856
4088 847
4200 847
4312 844
4424 839
4536 831
4648 831
4760 830
4880 825
4992 824
5104 817
5216 816
5328 812
5440 807
5552 799
5664 799
5776 796
5896 792
6008 783
6120 783
6232 780
6344 775
6456 769
6568 768
6680 768
6792 768
6912 768
7024 752
7136 743
7248 739
7360 736
7472 732
7584 728
7696 719
7812 716
7928 711
8040 705
8152 704
8264 696
8376 696
8488 688
8604 679
8716 671
8828 671
8944 665
9056 664
9168 655
9284 639
9396 639
9508 639
9620 636
9732 632
9844 624
9960 620
10076 615
10188 609
10300 608
10412 600
10524 591
10636 590
10748 583
10860 575
10980 574
11092 568
11204 568
11316 560
11428 551
11540 543
11652 543
11764 536
11876 531
11996 527
12108 519
12220 515
12332 511
12444 508
12556 504
12668 496
12780 492
12892 487
13012 480
13124 480
13236 472
13348 467
13460 463
13572 455
13684 451
13800 448
13912 448
14028 440
14140 435
14252 432
14364 423
14480 423
14592 415
14704 414
14816 409
14928 408
15044 399
15160 398
15272 391
15384 387
15496 384
15608 384
15720 384
15832 376
15944 369
16064 368
16176 359
16288 359
16400 355
16512 352
16624 352
16736 348
16848 344
16960 339
17080 335
17192 334
17304 327
17416 327
17528 319
17640 319
17752 319
17864 318
17976 316
18096 312
18208 312
18320 312
18432 305
18544 304
18656 304
18768 302
18880 295
18996 295
19112 295
19224 295
19336 291
19448 287
19560 287
19676 287
19788 287
19900 287
20012 287
20128 287
20240 287
20356 287
20468 286
20580 287
20692 286
20804 286
20916 286
21028 286
21140 286
21256 286
21368 286
21480 287
21592 286
21704 287
21816 287
21928 287
22040 287
22152 287
22272 287
22384 287
22496 287
22608 287
22720 291
22832 295
22944 295
23056 295
23168 295
23288 302
23400 304
23512 304
23624 305
23736 312
23848 312
23960 312
24076 316
24188 318
24304 319
24416 319
24528 319
24640 327
24756 327
24868 335
24980 335
25092 344
25204 344
25320 348
25436 352
25548 353
25660 355
25772 359
25884 368
25996 368
26108 376
26220 384
26340 384
26452 384
26564 387
26676 391
26788 391
26900 399
27012 408
27124 408
27236 414
27356 415
27468 419
27580 423
27692 432
27804 433
27916 440
28028 448
28140 448
28252 451
28372 455
28484 463
28596 467
28708 472
28820 480
28936 480
29052 483
29164 487
29276 496
29388 497
29500 504
29612 508
29724 512
29844 519
29956 524
30068 527
30180 536
30292 540
30404 543
30516 547
30628 551
30740 560
30860 568
30972 572
31084 575
31196 575
31308 583
31420 591
31532 600
31644 604
31756 608
31876 611
31988 615
32100 624
32212 632
32324 636
32436 639
32548 639
32660 639
32776 655
32892 655
33004 664
33116 670
33228 671
33340 679
33456 686
33568 688
33680 696
33792 704
33908 704
34020 711
34136 716
34248 719
34360 728
34472 732
34584 736
34696 737
34808 743
34928 768
35040 768
35152 768
35264 768
35376 768
35488 769
35600 775
35712 780
35824 783
35936 792
36056 792
36168 798
36280 799
36392 799
36504 807
36616 814
36728 816
36840 824
36952 824
37072 828
37184 831
37296 831
37408 839
37520 839
37632 847
37744 847
37856 856
37972 856
38088 860
38200 864
38312 864
38424 865
38536 871
38652 871
38764 876
38876 880
38988 880
39104 888
39216 888
39332 896
39444 896
39556 896
39668 896
39780 896
39892 896
40004 897
40124 899
40236 899
40348 903
40460 903
40572 903
40684 908
40796 908
40908 910
41020 911
41140 911
41252 911
41364 911
41476 911
41588 911
41700 911
41812 911
41924 911
42036 911
42156 911
42268 911
42380 911
42492 911
42604 911
42716 910
42828 910
42940 908
43052 903
43172 903
43284 903
43396 903
43508 903
43620 899
43732 899
43848 896
43960 896
44072 896
44188 896
44300 896
44412 896
44528 888
44640 888
44752 880
44864 880
44976 880
45088 876
45204 871
45320 867
45432 865
45544 864
45656 864
45768 856
45880 856
45992 847
46104 847
46224 846
46336 839
46448 831
46560 831
46672 831
46784 828
46896 824
47008 824
47120 816
47240 816
47352 807
47464 807
47576 799
47688 799
47800 796
47912 792
48024 783
48136 783
48256 775
48368 771
48480 768
48592 768
48704 768
48816 768
48928 768
49040 748
49156 743
49272 736
49384 736
49496 728
49608 728
49720 719
49836 711
49948 707
50060 704
50172 704
50288 696
50400 696
50516 688
50628 679
50740 671
50852 671
50964 668
51076 664
51188 655
51300 647
51420 639
51532 639
51644 638
51756 632
51868 625
51980 622
52092 615
52204 609
52316 608
52436 600
52548 591
52660 590
52772 583
52884 575
52996 574
53108 568
53220 568
53332 560
53452 551
53564 543
53676 543
53788 536
53900 536
54012 527
54124 519
54236 515
54352 512
54468 508
54580 504
54692 496
54804 492
54916 487
55032 481
55144 480
55256 472
55368 472
55484 463
55596 455
55712 451
55824 448
55936 448
56048 440
56160 433
56272 432
56384 423
56504 419
56616 415
56728 414
56840 408
56952 408
57064 399
57176 398
57288 391
57400 387
57520 384
57632 384
57744 384
57860 376
57980 368
58092 368
58204 359
58316 355
58428 353
58540 352
58652 348
58764 344
58880 344
58996 335
59108 335
59220 327
59332 327
59444 319
59560 319
59672 319
59784 319
59896 316
60012 312
60124 312
60240 312
60352 305
60464 304
60576 304
60688 304
60800 295
60912 295
61032 295
61144 295
61256 291
61368 287
61480 287
61592 287
61704 287
61816 287
61928 287
62048 287
62160 287
62272 287
62384 287
62496 287
62608 286
62720 286
62832 286
62944 286
63064 286
63176 286
63288 286
63400 286
63512 287
63624 287
63736 287
63848 287
63960 287
64080 287
64192 287
64304 287
64416 287
64528 287
64640 291
64756 295
64868 295
64980 295
65096 295
65208 300
65320 304
65436 304
65548 305
65660 307
65772 312
65884 312
65996 316
66112 318
66228 319
66340 319
66452 319
66564 327
66676 327
66788 335
66900 335
67012 339
67132 344
67244 348
67356 352
67468 352
67580 355
67692 359
67804 364
67916 368
68028 371
68148 384
68260 384
68372 384
68484 385
68596 391
68708 391
68820 399
68932 399
69044 408
69164 412
69276 415
69388 415
69500 423
69612 428
69724 432
69836 440
69952 448
70064 448
70176 451
70292 455
70404 462
70516 463
70632 472
70744 480
70856 480
70968 487
71080 487
71192 496
71308 504
71424 504
71536 511
71648 515
71760 519
71872 526
71984 527
72096 536
72208 542
72328 543
72440 551
72552 558
72664 561
72776 568
72888 572
73000 575
73112 575
73224 588
73344 591
73456 600
73568 608
73680 608
73792 615
73904 620
74016 624
74128 632
74240 636
74360 639
74472 639
74584 639
74696 655
74808 664
74920 664
75032 671
75148 671
75260 679
75376 686
75488 689
75600 696
75712 704
75828 704
75940 707
76052 711
76164 719
76276 728
76392 728
76508 736
76620 737
76732 743
76844 748
76956 768
77068 768
77180 768
77292 768
77412 769
77524 775
77636 780
77748 783
77860 783
77972 792
78084 796
78196 799
78308 799
78428 807
78540 812
78652 816
78764 824
78876 824
78988 828
79100 831
79212 831
79324 831
79444 839
79556 844
79668 847
79780 847
79892 856
80004 856
80116 864
80228 864
80344 865
80460 867
80572 871
80684 876
80796 880
80908 880
81024 881
81136 888
81248 888
81360 896
81476 896
81588 896
81704 896
81816 896
81928 897
82040 899
82152 903
82264 903
82376 903
82496 903
82608 903
82720 908
82832 910
82944 910
83056 911
83168 911
83280 911
83392 911
83512 911
83624 911
83736 911
83848 911
83960 911
84072 911
84184 911
84296 911
84408 911
84528 911
84640 911
84752 910
84864 908
84976 908
85088 903
85200 903
85312 903
85424 903
85540 899
85656 899
85768 897
85880 896
85992 896
86104 896
86220 896
86332 896
86444 888
86556 888
86672 881
86792 880
86904 876
87016 871
87128 871
87244 867
87356 864
87472 864
87584 860
87696 856
87808 856
87920 847
88032 847
88144 844
88264 839
88376 831
88488 831
88600 830
88712 828
88824 824
88936 817
89048 816
89160 812
89280 807
89392 799
89504 799
89616 796
89728 792
89840 792
89952 783
90064 780
90176 775
90296 769
90408 768
90520 768
90632 768
90744 768
90856 748
90968 743
91080 737
91192 736
91312 728
91424 728
91536 719
91648 711
91760 711
91872 704
91984 704
92100 696
92212 696
92328 688
92440 679
92552 671
92664 671
92780 668
92892 664
93004 655
93116 647
93228 639
93344 639
93460 636
93572 632
93684 625
93796 624
93908 615
94020 609
94132 608
94244 600
94364 591
94476 590
94588 583
94700 575
94812 575
94924 568
95036 568
95148 560
95260 551
95380 543
95492 543
95604 540
95716 536
95828 527
95940 519
96052 519
96164 512
96276 508
96396 504
96508 497
96620 496
96732 487
96844 483
96956 480
97068 476
97180 472
97296 463
97412 455
97524 455
97636 449
97748 448
97860 440
97976 440
98088 432
98200 428
98312 423
98428 415
98540 415
98656 412
98768 408
98880 399
98992 399
99104 391
99216 387
99328 385
99448 384
99560 384
99672 376
99784 369
99896 368
100008 359
100120 359
100232 355
100344 352
100456 352
100576 348
100688 344
100800 344
100912 335
101024 335
101136 327
101248 327
101360 319
101472 319
101592 319
101704 318
101816 316
101928 312
102040 312
102152 312
102264 305
102376 304
102492 304
102608 302
102720 295
102832 295
102944 295
103056 295
103172 291
103284 287
103396 287
103508 287
103624 287
103736 287
103852 287
103964 287
104076 287
104188 287
104300 287
104412 286
104524 286
104644 286
104756 286
104868 286
104980 286
105092 286
105204 286
105316 286
105428 286
105540 286
105660 286
105772 287
105884 287
105996 287
106108 287
106220 287
106332 287
106444 287
106556 287
106676 291
106788 295
106900 295
107012 295
107124 295
107236 304
107348 304
107460 304
107572 307
107692 312
107804 312
107916 316
108028 318
108140 319
108252 319
108368 319
108480 327
108592 327
108708 334
108820 335
108932 344
109048 344
109160 348
109272 352
109384 352
109496 355
109608 359
109724 364
109840 368
109952 371
110064 384
110176 384
110288 384
110400 385
110512 391
110624 391
110744 399
110856 403
110968 408
111080 412
111192 415
111304 419
111416 423
111528 432
111640 433
111760 440
111872 448
111984 448
112096 455
112208 455
112320 463
112432 472
112544 473
112656 480
112776 483
112888 487
113000 496
113112 497
113224 504
113336 508
113448 512
113564 519
113676 519
113792 527
113904 536
114016 540
114128 543
114244 543
114356 551
114468 560
114580 568
114692 568
114808 575
114924 575
115036 583
115148 591
115260 595
115372 600
115484 608
115596 609
115708 615
115820 620
115932 624
116044 632
116156 636
116268 639
116380 639
116492 639
116612 655
116724 664
116836 668
116948 671
117060 675
117172 679
117288 688
117400 696
117512 704
117628 704
117740 707
117852 711
117968 719
118080 719
118192 728
118304 736
118416 736
118528 743
118644 748
118760 768
118872 768
118984 768
119096 768
119208 768
119320 771
119432 775
119544 783
119664 783
119776 792
119888 796
120000 798
120112 799
120224 803
120336 807
120448 816
120560 816
120680 824
120792 824
120904 828
121016 831
121128 831
121240 831
121352 839
121464 846
121576 847
121696 856
121808 856
121920 860
122032 864
122144 864
122256 865
122368 867
122484 871
122596 876
122712 880
122824 880
122936 888
123048 888
123164 896
123276 896
123388 896
123500 896
123612 896
123728 896
123844 897
123956 897
124068 899
124180 903
124292 903
124404 903
124516 908
124628 908
124748 908
124860 910
124972 911
125084 911
125196 911
125308 911
125420 911
125532 911
125644 911
125764 911
125876 911
125988 911
126100 911
126212 911
126324 911
126436 911
126548 911
126660 911
126772 910
126892 910
127004 908
127116 908
127228 903
127340 903
127452 903
127564 903
127680 899
127792 897
127908 896
128020 896
128132 896
128244 896
128360 896
128472 888
128584 881
128696 880
128808 880
128924 876
129040 871
129152 867
129264 865
129376 864
129488 864
129600 860
129712 856
129824 856
129944 847
130056 846
130168 839
130280 831
130392 831
130504 831
130616 828
130728 824
130840 824
130960 816
131072 816
131184 807
131296 807
131408 799
131520 798
131632 796
131744 792
131856 783
131976 782
132088 775
132200 771
132312 768
132424 768
132536 768
132648 768
132760 768
132876 748
132992 743
133104 736
133216 736
133328 728
133440 728
133556 719
133668 711
133780 711
133892 704
134008 704
134120 696
134236 696
134348 688
134460 679
134572 671
134684 671
134796 668
134908 664
135028 655
135140 654
135252 639
135364 639
135476 638
135588 632
135700 625
135812 624
135924 615
136044 609
136156 608
136268 600
136380 593
136492 590
136604 583
136716 575
136828 575
136940 568
137060 568
137172 560
137284 551
137396 543
137508 543
137620 536
137732 536
137844 527
137956 519
138076 515
138188 512
138300 508
138412 504
138524 496
138636 494
138748 487
138864 481
138976 480
139092 472
139204 472
139316 463
139428 455
139544 455
139656 448
139768 448
139880 440
139992 440
140108 432
140224 423
140336 423
140448 415
140560 415
140672 412
140784 408
140896 399
141008 398
141128 391
141240 387
141352 384
141464 384
141576 384
141688 376
141800 369
141912 368
142024 359
142136 359
142256 355
142368 352
142480 352
142592 348
142704 344
142816 339
142928 335
143040 334
143152 327
143272 327
143384 319
143496 319
143608 319
143720 318
143832 316
143944 312
144056 312
144168 312
144288 305
144400 304
144512 304
144632 302
144744 295
144864 295
144976 295
145088 295
145200 291
145312 287
145424 287
145536 287
145648 287
145760 287
145880 287
145992 287
146104 287
146216 287
146328 287
146440 286
146552 286
146664 286
146776 286
146888 286
147008 286
147120 286
147232 286
147344 286
147456 287
147568 287
147680 287
147796 287
147908 287
148024 287
148136 287
148248 287
148360 287
148476 287
148588 291
148700 295
148812 295
148924 295
149040 295
149156 302
149268 304
149380 304
149492 305
149604 312
149716 312
149828 312
149940 316
150060 318
150172 319
150284 319
150396 319
150508 327
150620 327
150732 334
150844 335
150956 339
151076 344
151188 348
151300 352
151412 352
151524 355
151636 359
151748 364
151860 368
151972 369
152092 384
152204 384
152316 384
152428 385
152540 391
152652 391
152764 399
152876 401
152992 408
153108 412
153220 415
153332 419
153444 423
153556 432
153672 433
153784 440
153896 448
154008 448
154124 451
154236 455
154352 463
154464 465
154576 472
154688 480
154800 480
154912 487
155024 492
155144 496
155256 504
155368 508
155480 512
155592 515
155704 519
155816 527
155928 531
156040 536
156160 543
156272 543
156384 551
156496 560
156608 561
156720 568
156832 574
156944 575
157056 583
157176 590
157288 591
157400 600
157512 608
157624 609
157736 615
157848 622
157960 624
158072 632
158192 636
158304 639
158416 639
158528 639
158640 655
158752 664
158868 668
158980 671
159092 671
159208 679
159320 688
159432 696
159548 704
159660 704
159772 705
159884 711
159996 718
160108 719
160224 728
160340 736
160452 736
160564 739
160676 743
160788 768
160900 768
161012 768
161124 768
161244 768
161356 771
161468 775
161580 782
161692 783
161804 792
161916 796
162028 799
162140 799
162252 807
162372 807
162484 816
162596 816
162708 824
162820 824
162932 828
163044 831
163156 831
163268 831
163388 839
163500 846
163612 847
163724 856
163836 856
163948 860
164060 864
164172 864
164284 865
164404 871
164516 871
164628 876
164740 880
164852 880
164964 881
165076 888
165188 896
165304 896
165420 896
165532 896
165644 896
165756 896
165868 897
165984 899
166096 899
166208 903
166320 903
166436 903
166548 908
166664 908
166776 908
166888 910
167000 911
167112 911
167224 911
167336 911
167456 911
167568 911
167680 911
167792 911
167904 911
168016 911
168128 911
168240 911
168352 911
168472 911
168584 911
168696 910
168808 910
168920 908
169032 903
169144 903
169256 903
169368 903
169488 899
169600 897
169712 896
169824 896
169936 896
170048 896
170160 896
170272 896
170384 888
170504 888
170616 880
170728 880
170840 878
170952 871
171064 871
171180 867
171292 864
171404 864
171520 864
171632 856
171744 856
171860 847
171972 847
172084 846
172196 839
172308 831
172420 831
172536 831
172652 828
172764 824
172876 824
172988 816
173100 814
173212 807
173324 799
173436 799
173552 798
173664 796
173776 792
173888 783
174000 782
174116 775
174228 771
174344 768
174456 768
174568 768
174680 768
174796 768
174908 743
175020 739
175132 736
175244 736
175360 728
175476 719
175588 719
175700 711
175812 707
175924 704
176036 704
176148 696
176260 688
176380 684
176492 679
176604 671
176716 670
176828 664
176940 655
177052 654
177164 639
177276 639
177396 638
177508 632
177620 632
177732 624
177844 615
177956 611
178068 608
178180 604
178292 600
178412 591
178524 583
178636 575
178748 575
178860 572
178972 568
179084 560
179196 556
179312 547
179428 543
179540 540
179652 536
179764 527
179876 524
179992 519
180104 513
180216 510
180328 504
180444 497
180556 496
180672 487
180784 483
180896 480
181008 476
181120 472
181232 463
181344 460
181464 455
181576 448
181688 448
181800 440
181912 440
182024 432
182136 423
182248 423
182360 415
182480 414
182592 408
182704 408
182816 399
182928 398
183040 391
183152 387
183264 385
183376 384
183496 384
183608 376
183720 369
183832 368
183944 359
184056 359
184168 355
184280 352
184392 352
184508 344
184624 344
184736 335
184848 335
184960 334
185072 327
185188 327
185300 319
185412 319
185524 319
185640 318
185752 316
185868 312
185980 312
186092 312
186204 304
186316 304
186428 304
186540 302
186660 295
186772 295
186884 295
186996 295
187108 291
187220 287
187332 287
187444 287
187556 287
187676 287
187788 287
187900 287
188012 287
188124 287
188236 287
188348 286
188460 286
188572 286
188692 286
188804 286
188916 286
189028 286
189140 286
189252 286
189364 286
189476 287
189588 287
189708 287
189820 287
189932 287
190044 287
190156 287
190268 287
190380 287
190496 287
190608 291
190724 295
190836 295
190948 295
191060 295
191176 302
191288 304
191400 304
191512 305
191624 312
191740 312
191856 312
191968 316
192080 319
192192 319
192304 319
192416 319
192528 327
192640 327
192760 335
192872 335
192984 344
193096 344
193208 352
193320 352
193432 353
193544 359
193656 359
193776 368
193888 369
194000 376
194112 384
194224 384
194336 384
194448 387
194560 391
194672 398
194792 399
194904 408
195016 412
195128 415
195240 415
195352 423
195464 430
195576 432
195692 440
195808 448
195920 448
196032 451
196144 455
196256 463
196372 463
196484 472
196596 480
196708 480
196824 487
196936 492
197052 496
197164 504
197276 508
197388 511
197500 515
197612 519
197724 527
197844 536
197956 536
198068 543
198180 543
198292 551
198404 560
198516 561
198628 568
198740 574
198860 575
198972 583
199084 590
199196 591
199308 600
199420 608
199532 609
199644 615
199756 624
199868 625
199988 632
200100 638
200212 639
200324 639
200436 654
200548 655
200660 664
200772 668
200888 671
201004 675
201116 679
201228 688
201340 696
201452 704
201564 704
201676 707
201788 711
201900 718
202020 719
202132 728
202244 736
202356 736
202464 739
202576 743
202696 768
202808 768
202920 768
203032 768
203144 768
203256 771
203368 775
203480 780
203592 783
203712 792
203824 792
203936 798
204048 799
204160 799
204272 807
204384 812
204500 816
204612 824
204728 824
204840 828
204952 831
205064 831
205180 831
205292 839
205404 844
205516 847
205628 847
205744 856
205860 856
205972 860
206084 864
206196 864
206308 867
206420 871
206532 871
206644 876
206764 880
206876 880
206988 888
207100 888
207212 896
207324 896
207436 896
207548 896
207660 896
207780 897
207892 897
208004 899
208116 903
208228 903
208340 903
208452 903
208564 908
208676 908
208796 908
208908 910
209020 910
209132 911
209244 911
209356 911
209468 911
209580 911
209696 911
209812 911
209924 911
210036 911
210148 911
210260 911
210376 911
210488 910
210600 910
210712 908
210824 908
210940 903
211056 903
211168 903
211280 903
211392 899
211504 897
211616 897
211728 896
211840 896
211960 896
212072 896
212184 896
212296 888
212408 888
212520 881
212632 880
212744 880
212856 876
212976 871
213088 867
213200 865
213312 864
213424 864
213536 860
213648 856
213760 856
213872 847
213992 846
214104 839
214216 831
214328 831
214440 831
214552 828
214664 824
214776 824
214892 816
215008 814
215120 807
215232 799
215344 799
215456 798
215572 792
215684 792
215796 783
215908 782
216024 775
216136 771
216252 768
216364 768
216476 768
216588 768
216700 768
216812 743
216924 739
217044 736
217156 732
217268 728
217380 719
217492 718
217604 711
217716 707
217828 704
217940 704
218060 696
218172 688
218284 684
218396 679
218508 671
218620 668
218732 664
218844 655
218956 654
219076 639
219188 639
219300 638
219412 632
219524 632
219636 624
219748 615
219860 611
219972 608
220092 604
220204 600
220316 591
220428 583
220540 575
220652 575
220768 572
220880 568
220992 560
221108 556
221220 547
221332 543
221448 540
221560 536
221672 527
221784 526
221896 519
222008 513
222124 510
222240 504
222352 504
222464 496
222576 487
222688 483
222800 480
222912 476
223024 472
223144 463
223256 462
223368 455
223480 451
223592 448
223704 448
223816 440
223928 433
224040 432
224160 423
224272 419
224384 415
224496 414
224608 408
224720 403
224832 399
224944 391
225056 391
225176 385
225288 384
225400 384
225512 384
225624 376
225736 368
225848 368
225964 359
226076 355
226192 353
226304 352
226416 348
226528 344
226644 344
226756 335
226868 335
226980 327
227092 327
227204 319
227320 319
227432 319
227544 319
227656 318
227768 316
227880 312
227992 312
228104 307
228216 304
228336 304
228448 304
228560 300
228672 295
228784 295
228896 295
229008 295
229124 287
229236 287
229352 287
229464 287
229576 287
229688 287
229804 287
229916 287
230028 287
230140 287
230252 287
230368 286
230484 286
230596 286
230708 286
230820 286
230932 286
231044 286
231156 286
231268 287
