24 192
136 195
248 199
364 206
476 207
588 216
704 220
816 224
928 227
1040 231
1152 238
1264 240
1380 248
1496 248
1608 254
1720 255
1832 255
1944 255
2056 271
2168 271
2280 280
2400 284
2512 287
2624 287
2736 295
2848 304
2960 304
3072 312
3184 312
3296 318
3416 319
3528 319
3640 327
3752 335
3864 335
3976 344
4088 348
4200 352
4312 355
4432 359
4544 368
4656 369
4768 384
4880 384
4992 384
5104 387
5216 391
5332 398
5448 399
5560 408
5672 412
5784 415
5896 415
6012 423
6124 423
6236 432
6348 433
6464 440
6576 448
6692 448
6804 451
6916 455
7028 462
7140 463
7252 472
7364 476
7484 480
7596 481
7708 487
7820 492
7932 496
8044 504
8156 504
8268 510
8380 513
8500 519
8612 519
8724 527
8836 529
8948 536
9060 540
9172 543
9284 547
9396 551
9516 560
9628 561
9740 568
9852 572
9964 575
10076 575
10188 583
10300 588
10412 591
10532 600
10644 600
10756 608
10868 609
10980 615
11092 615
11208 624
11320 624
11432 632
11548 632
11660 638
11772 639
11888 639
12000 639
12112 655
12224 655
12336 664
12448 670
12564 671
12680 679
12792 679
12904 688
13016 696
13128 696
13240 704
13352 704
13464 707
13576 711
13696 719
13808 719
13920 728
14032 736
14144 736
14256 739
14368 743
14480 768
14592 768
14712 768
14824 768
14936 768
15048 771
15160 775
15272 783
15384 783
15496 792
15608 796
15728 799
15840 799
15952 807
16064 816
16176 817
16288 824
16404 828
16516 831
16628 831
16744 839
16856 846
16968 847
17084 856
17196 860
17308 864
17420 867
17532 871
17644 880
17760 881
17876 896
17988 896
18100 896
18212 899
18324 903
18436 910
18548 911
18660 920
18780 924
18892 927
19004 927
19116 935
19228 940
19340 944
19452 945
19564 952
19676 960
19796 960
19908 963
20020 967
20132 975
20244 984
20356 984
20468 992
20580 993
20692 999
20812 1004
20924 1008
21036 1016
21148 1008
21260 1006
21372 999
21484 995
21600 992
21712 988
21828 984
21940 975
22052 974
22164 967
22280 963
22392 960
22504 960
22616 952
22728 944
22844 944
22960 935
23072 931
23184 927
23296 924
23408 920
23520 911
23632 908
23744 903
23864 897
23976 896
24088 896
24200 888
24312 880
24424 876
24536 871
24648 865
24760 864
24880 856
24992 856
25104 847
25216 844
25328 831
25440 831
25552 830
25664 825
25776 824
25896 816
26008 812
26120 807
26232 799
26344 799
26456 792
26568 792
26680 783
26796 780
26912 775
27024 769
27136 768
27248 768
27360 768
27476 768
27588 748
27700 743
27812 737
27928 736
28040 728
28156 728
28268 719
28380 711
28492 711
28604 705
28716 704
28828 704
28940 696
29052 689
29164 688
29276 679
29388 675
29504 671
29616 670
29732 664
29844 664
29956 655
30068 652
30184 639
30296 639
30408 639
30520 636
30632 632
30748 624
30864 624
30976 615
31088 611
31200 608
31312 604
31424 600
31536 591
31648 590
31768 583
31880 575
31992 575
32104 572
32216 568
32328 561
32440 560
32552 551
32664 547
32784 543
32896 540
33008 536
33120 531
33232 527
33344 519
33456 515
33568 512
33680 510
33800 504
33912 504
34024 496
34136 492
34248 487
34360 481
34472 480
34584 473
34700 472
34816 463
34928 460
35040 455
35152 449
35264 448
35380 448
35492 440
35604 432
35716 432
35832 423
35944 415
36060 415
36172 412
36284 408
36396 399
36508 399
36620 391
36732 387
36852 384
36964 384
37076 384
37188 376
37300 368
37412 359
37524 359
37636 353
37748 352
37868 344
37980 344
38092 335
38204 327
38316 327
38428 319
38540 319
38652 316
38764 312
38884 304
38996 304
39108 295
39220 287
39332 287
39444 284
39556 280
39668 271
39780 271
39900 255
40012 255
40124 255
40236 254
40348 248
40460 248
40576 240
40688 231
40800 231
40916 225
41028 224
41140 220
41256 216
41368 207
41480 207
41592 199
41704 195
41816 192
41932 192
42048 195
42160 199
42272 207
42384 207
42496 216
42608 220
42720 224
42832 227
42944 231
43064 236
43176 240
43288 248
43400 248
43512 254
43624 255
43736 255
43848 255
43960 271
44080 271
44192 280
44304 284
44416 287
44528 287
44640 295
44752 302
44864 304
44976 312
45096 313
45208 319
45320 319
45432 327
45544 327
45656 335
45772 337
45884 344
45996 352
46112 352
46224 355
46336 359
46452 368
46564 368
46676 376
46788 384
46900 384
47012 385
47128 391
47244 391
47356 399
47468 408
47580 408
47692 414
47804 415
47916 419
48028 423
48148 432
48260 433
48372 440
48484 448
48596 448
48708 451
48820 455
48932 460
49044 463
49164 472
49276 473
49388 480
49500 481
49612 487
49724 492
49836 496
49948 499
50060 504
50180 508
50292 512
50404 515
50516 519
50628 526
50740 527
50852 536
50964 540
51080 543
51196 543
51308 551
51420 556
51532 560
51644 568
51760 568
51872 575
51984 575
52096 575
52212 588
52324 591
52440 600
52552 600
52664 608
52776 608
52888 611
53000 615
53112 624
53232 632
53344 632
53456 636
53568 639
53680 639
53792 639
53904 655
54016 655
54128 664
54248 668
54360 671
54472 671
54584 679
54696 688
54808 689
54920 696
55032 704
55144 704
55264 707
55376 711
55488 718
55600 719
55712 728
55824 732
55936 736
56048 737
56160 743
56280 748
56392 768
56504 768
56616 768
56728 768
56840 769
56956 775
57068 780
57180 783
57296 792
57408 792
57520 798
57636 799
57748 807
57868 812
57980 816
58092 824
58212 824
58324 830
58436 831
58548 831
58660 839
58772 847
58884 847
58996 856
59108 864
59228 864
59340 871
59452 876
59564 880
59676 888
59788 896
59900 896
60012 896
60124 903
60244 908
60356 911
60468 920
60580 920
60692 926
60804 927
60916 935
61028 940
61140 944
61260 952
61372 952
61484 960
61596 961
61708 967
61820 972
61936 975
62048 984
62160 984
62276 988
62388 992
62500 995
62616 1001
62728 1008
62840 1009
62952 1016
63064 1008
63176 1006
63292 999
63408 993
63520 992
63632 984
63744 984
63856 975
63968 972
64080 967
64192 961
64312 960
64424 953
64536 952
64648 944
64760 940
64872 935
64984 927
65096 926
65208 920
65328 920
65440 911
65552 908
65664 899
65776 896
65888 896
66000 896
66112 888
66224 880
66344 871
66456 867
66568 864
66680 864
66792 856
66904 847
67016 847
67132 839
67244 831
67360 831
67472 828
67584 824
67696 824
67812 816
67924 807
68036 803
68148 799
68260 796
68376 792
68492 783
68604 783
68716 775
68828 775
68940 768
69052 768
69164 768
69276 768
69396 768
69508 748
69620 743
69732 737
69844 736
69956 728
70068 728
70180 719
70292 711
70412 711
70524 704
70636 704
70748 696
70860 696
70972 688
71084 684
71196 679
71308 671
71428 670
71540 664
71652 664
71764 655
71876 652
71988 639
72100 639
72212 639
72328 636
72440 632
72556 624
72668 620
72780 615
72892 609
73008 608
73120 604
73232 600
73344 591
73456 590
73572 583
73684 575
73796 575
73908 572
74020 568
74132 568
74244 560
74356 551
74468 551
74588 543
74700 542
74812 536
74924 536
75036 527
75148 519
75260 519
75372 513
75488 511
75604 504
75716 504
75828 496
75940 492
76052 487
76168 483
76280 480
76392 476
76504 472
76620 463
76732 463
76848 455
76960 451
77072 448
77184 448
77296 440
77408 433
77520 432
77640 423
77752 415
77864 415
77976 412
78088 408
78200 399
78312 398
78424 391
78536 387
78656 384
78768 384
78880 384
78992 376
79104 368
79216 364
79328 359
79440 355
79552 352
79672 348
79784 344
79896 335
80008 334
80120 327
80232 319
80344 319
80456 316
80568 312
80688 307
80800 304
80912 295
81024 295
81136 287
81248 287
81364 284
81476 280
81588 271
81704 270
81816 255
81928 255
82044 255
82156 252
82268 248
82380 243
82492 240
82604 231
82720 231
82836 225
82948 224
83060 217
83172 216
83284 207
83396 206
83508 199
83620 195
83740 192
83852 192
83964 195
84076 199
84188 207
84300 209
84412 216
84524 224
84636 224
84756 227
84868 231
84980 240
85092 241
85204 248
85316 252
85428 255
85540 255
85652 255
85772 255
85884 271
85996 280
86108 280
86220 287
86332 287
86444 295
86560 295
86672 304
86784 312
86904 316
87016 319
87128 319
87240 327
87352 327
87464 335
87576 339
87688 344
87800 352
87920 352
88032 355
88144 359
88256 368
88368 369
88480 384
88592 384
88708 384
88820 385
88936 391
89048 391
89160 399
89272 408
89388 408
89500 414
89612 415
89724 419
89836 423
89952 432
90068 433
90180 440
90292 448
90404 448
90516 451
90628 455
90740 462
90852 463
90972 472
91084 476
91196 480
91308 481
91420 487
91532 492
91644 496
91756 499
91868 504
91988 510
92100 512
92212 515
92324 519
92436 527
92548 527
92660 536
92772 540
92884 543
93004 543
93116 551
93228 558
93340 560
93452 568
93564 572
93676 575
93788 575
93904 575
94020 588
94132 591
94244 600
94356 600
94468 608
94584 608
94696 611
94808 615
94920 624
95036 632
95148 632
95264 638
95376 639
95488 639
95600 639
95712 654
95824 655
95936 664
96056 668
96168 671
96280 671
96392 679
96504 688
96616 689
96728 696
96840 704
96952 704
97072 707
97184 711
97296 718
97408 719
97520 728
97632 732
97744 736
97856 739
97968 743
98080 752
98200 768
98312 768
98424 768
98536 768
98648 771
98760 775
98872 780
98984 783
99100 792
99216 796
99328 799
99440 799
99552 807
99664 812
99780 816
99892 824
100004 828
100116 831
100232 831
100344 839
100460 844
100572 847
100684 856
100796 856
100908 864
101020 865
101132 871
101252 876
101364 880
101476 888
101588 896
101700 896
101812 897
101924 903
102036 908
102148 911
102268 920
102380 920
102492 926
102604 927
102716 935
102828 940
102940 944
103052 952
103164 952
103284 960
103396 961
103508 967
103620 972
103732 975
103844 984
103956 984
104068 992
104180 992
104300 999
104412 1004
104524 1008
104636 1016
104748 1016
104860 1009
104976 1008
105088 999
105200 995
105316 992
105428 988
105540 984
105652 975
105768 972
105880 967
105992 961
106104 960
106216 952
106332 952
106448 944
106560 940
106672 935
106784 927
106896 926
107008 920
107120 920
107232 911
107352 908
107464 903
107576 897
107688 896
107800 896
107912 888
108024 880
108136 876
108248 871
108368 864
108480 864
108592 856
108704 856
108816 847
108928 844
109040 831
109152 831
109264 830
109384 824
109496 824
109608 816
109720 812
109832 807
109944 799
110056 798
110168 792
110284 792
110400 783
110512 780
110624 775
110736 769
110848 768
110964 768
111076 768
111188 768
111300 748
111416 743
111528 737
111644 736
111756 732
111868 728
111980 719
112092 716
112204 711
112316 705
112436 704
112548 704
112660 696
112772 688
112884 688
112996 679
113108 671
113220 671
113332 668
113444 664
113564 655
113676 654
113788 639
113900 639
114012 639
114124 638
114236 632
114348 632
114460 624
114580 620
114692 615
114804 609
114916 608
115028 600
115140 600
115252 591
115364 588
115476 575
115596 575
115716 568
115832 563
115944 560
116056 551
116168 547
116280 543
116392 542
116508 536
116620 531
116732 527
116848 519
116960 519
117072 513
117188 511
117300 508
117412 504
117524 496
117636 494
117748 487
117864 483
117980 480
118092 476
118204 472
118316 463
118428 463
118540 455
118652 451
118764 448
118884 448
118996 440
119108 435
119220 432
119332 423
119444 423
119556 415
119668 415
119780 412
119900 408
120012 399
120124 398
120236 391
120348 387
120460 384
120572 384
120684 384
120796 369
120916 368
121028 359
121140 355
121252 352
121364 352
121476 344
121588 344
121704 335
121816 327
121932 327
122044 319
122156 319
122268 316
122384 312
122496 304
122608 302
122720 295
122832 287
122948 287
123064 284
123176 280
123288 271
123400 271
123512 255
123624 255
123736 255
123848 254
123960 248
124076 243
124188 240
124300 231
124412 231
124524 227
124636 224
124748 220
124860 216
124972 207
125092 206
125204 199
125316 195
125428 192
125540 192
125652 193
125764 199
125876 199
125992 207
126108 216
126220 216
126332 224
126444 225
126556 231
126668 231
126784 240
126896 241
127008 248
127124 254
127236 255
127348 255
127464 255
127576 270
127688 271
127800 280
127912 284
128024 287
128140 287
128256 295
128368 295
128480 304
128592 307
128704 312
128816 318
128928 319
129040 319
129160 327
129272 335
129384 335
129496 344
129608 348
129720 352
129832 355
129944 359
130056 364
130176 368
130288 376
130400 384
130512 384
130624 385
130736 391
130848 391
130960 399
131072 403
131192 408
131304 414
131416 415
131528 419
131640 423
131752 432
131864 433
131980 440
132092 448
132208 448
132320 451
132432 455
132544 460
132660 463
132772 472
132884 472
132996 480
133108 481
133224 483
133340 487
133452 496
133564 497
133676 504
133788 508
133900 511
134012 513
134124 519
134244 524
134356 527
134468 536
134580 536
134692 542
134804 543
134916 551
135028 551
135140 560
135260 568
135372 568
135484 572
135596 575
135708 575
135820 583
135932 590
136044 591
136156 600
136276 604
136388 608
136500 609
136612 615
136724 620
136836 624
136948 632
137060 632
137176 638
137292 639
137404 639
137516 639
137628 655
137740 655
137856 664
137968 668
138080 671
138192 671
138308 679
138420 688
138536 689
138648 696
138760 704
138872 704
138984 707
139096 711
139208 719
139320 719
139436 728
139548 732
139660 736
139772 739
139884 743
139996 752
140108 768
140220 768
140332 768
140452 768
140564 769
140676 775
140788 780
140900 783
141012 792
141124 792
141236 799
141348 799
141468 807
141580 812
141692 816
141804 824
141916 824
142028 830
142140 831
142256 831
142368 839
142484 847
142596 847
142708 856
142820 860
142936 864
143048 867
143160 871
143272 876
143384 880
143500 888
143616 896
143728 896
143840 897
143952 903
144064 908
144176 911
144288 920
144400 924
144520 927
144636 927
144748 935
144864 940
144976 944
145088 952
145200 960
145312 960
145424 967
145540 972
145652 975
145768 984
145880 984
145992 992
146104 993
146216 999
146328 1004
146440 1008
146560 1016
146672 1008
146784 1004
146896 995
147008 992
147120 988
147232 984
147344 975
147456 972
147576 967
147688 961
147800 960
147912 952
148024 952
148136 944
148248 940
148360 935
148472 927
148592 926
148704 920
148816 920
148928 911
149040 908
149152 903
149264 896
149376 896
149488 896
149608 888
149720 880
149832 871
149944 867
150056 864
150168 864
150280 856
150396 847
150508 847
150620 839
150736 831
150848 831
150960 828
151076 824
151188 824
151300 816
151412 807
151524 799
151636 799
151752 796
151868 792
151980 783
152092 783
152204 775
152316 771
152428 768
152540 768
152652 768
152772 768
152884 768
152996 743
153108 739
153220 736
153332 736
153444 728
153556 719
153668 719
153788 711
153900 707
154012 704
154124 704
154236 696
154348 696
154460 688
154572 679
154684 675
154804 671
154916 670
155028 664
155140 664
155252 655
155364 647
155476 639
155592 639
155704 639
155820 632
155932 632
156044 624
156156 622
156272 615
156384 611
156496 608
156608 604
156720 600
156836 591
156952 590
157064 583
157176 575
157288 575
157400 572
157512 568
157624 561
157736 560
157856 551
157968 547
158080 543
158192 542
158304 536
158416 531
158528 527
158640 524
158752 519
158872 513
158984 511
159096 508
159208 504
159320 496
159432 492
159544 487
159656 483
159768 480
159888 476
160000 472
160112 465
160224 463
160336 455
160448 455
160560 449
160672 448
160788 440
160904 440
161016 432
161128 430
161240 423
161352 415
161468 415
161580 412
161692 408
161804 399
161920 398
162032 391
162148 387
162260 384
162372 384
162484 384
162596 371
162708 368
162820 359
162940 359
163052 353
163164 352
163276 344
163388 344
163500 335
163612 327
163724 327
163836 319
163956 319
164068 316
164180 312
164292 304
164404 304
164516 295
164628 287
164740 287
164852 286
164972 280
165084 271
165196 271
165308 255
165420 255
165532 255
165644 254
165756 248
165868 248
165984 240
166100 231
166212 231
166324 225
166436 224
166548 220
166664 216
166776 207
166888 207
167000 199
167116 195
167228 192
167340 192
167452 193
167564 199
167676 199
167788 207
167900 216
168012 216
168132 224
168244 224
168356 227
168468 231
168580 240
168692 241
168804 248
168920 252
169032 255
169148 255
169260 255
169372 255
169484 271
169596 280
169708 280
169824 286
169936 287
170048 295
170164 295
170276 304
170388 305
170500 312
170616 316
170728 319
170840 319
170952 327
171064 334
171180 335
171296 344
171408 348
171520 352
171632 353
171744 359
171856 359
171968 368
172080 376
172200 384
172312 384
172424 384
172536 387
172648 391
172760 399
172872 399
172984 408
173096 412
173216 415
173328 415
173440 423
173560 423
173672 432
173784 433
173896 440
174008 448
174120 448
174232 451
174344 455
174456 462
174576 463
174688 472
174800 476
174912 480
175024 481
175136 487
175248 492
175360 496
175472 504
175584 504
175704 510
175816 512
175928 515
176040 519
176152 527
176264 531
176376 536
176488 540
176600 543
176720 543
176832 551
176944 560
177056 560
177168 568
177280 572
177392 575
177504 575
177616 583
177736 590
177848 591
177960 600
178072 604
178184 608
178296 609
178408 615
178520 620
178636 624
178752 632
178864 632
178976 638
179088 639
179200 639
179316 639
179428 654
179540 655
179652 664
179768 668
179880 671
179992 671
180108 679
180220 686
180332 688
180444 696
180556 696
180668 704
180784 705
180900 711
181012 711
181124 719
181236 728
181348 728
181460 736
181572 736
181684 739
181804 743
181916 768
182028 768
182140 768
182252 768
182364 768
182476 771
182588 775
182700 782
182820 783
182932 792
183044 796
183156 799
183268 799
183380 807
183492 814
183604 816
183716 824
183836 828
183948 831
184060 831
184172 839
184284 844
184396 847
184508 856
184624 860
184736 864
184852 865
184964 871
185076 876
185188 880
185304 888
185416 896
185528 896
185640 896
185752 899
185868 903
185984 911
186096 911
186208 920
186320 924
186432 927
186544 931
186656 935
186768 944
186888 952
187000 952
187112 960
187224 960
187336 963
187448 972
187560 975
187672 984
187784 984
187904 990
188016 992
188128 995
188240 1004
188352 1008
188464 1016
188576 1016
188688 1008
188800 1006
188920 999
189032 993
189144 992
189256 984
189368 984
189480 975
189592 967
189704 963
189820 960
189936 960
190048 952
190160 945
190272 944
190384 935
190500 931
190612 927
190724 924
190836 920
190952 911
191064 910
191180 903
191292 899
191404 896
191516 896
191628 896
191740 881
191852 880
191964 871
192080 867
192192 864
192304 864
192416 856
192528 847
192640 847
192752 839
192864 831
192976 831
193096 828
193208 824
193320 817
193432 816
193544 807
193656 799
193768 799
193880 796
193992 792
194112 783
194224 782
194336 775
194448 771
194560 768
194672 768
194784 768
194900 768
195012 768
195128 743
195240 739
195352 736
195464 736
195580 728
195692 719
195804 718
195916 711
196028 707
196144 704
196260 704
196372 696
196484 696
196596 688
196708 679
196820 671
196932 671
197044 668
197164 664
197276 655
197388 654
197500 639
197612 639
197724 639
197836 638
197948 632
198060 632
198180 624
198292 620
198404 615
198516 609
198628 608
198740 600
198852 600
198964 591
199076 588
199196 583
199308 575
199420 575
199532 572
199644 568
199756 560
199868 558
199980 551
200096 543
200212 543
200324 540
200436 536
200548 527
200660 527
200776 519
200888 515
201000 512
201112 508
201228 504
201340 497
201456 496
201568 487
201680 487
201792 481
201904 480
202016 472
202128 472
202248 463
202360 460
202476 449
202588 448
202700 448
202812 440
202924 432
203040 432
203156 423
203268 415
203380 415
203492 412
203604 408
203720 399
203832 399
203944 391
204056 387
204172 384
204284 384
204400 384
204512 376
204624 368
204736 359
204848 359
204960 353
205072 352
205184 348
205304 344
205416 335
205528 334
205640 327
205752 319
205864 319
205976 316
206088 312
206200 305
206320 304
206432 295
206544 291
206656 287
206768 286
206880 280
206992 280
207104 271
207216 255
207336 255
207448 255
207560 255
207672 252
207784 248
207896 241
208008 240
208120 231
208236 227
208352 224
208464 220
208576 216
208688 207
208800 207
208916 199
209028 195
209140 192
209252 192
209368 195
209480 199
209596 206
209708 207
209820 216
209932 220
210044 224
210156 225
210268 231
210388 231
210500 240
210612 248
210724 248
210836 254
210948 255
211060 255
211172 255
211284 271
211404 273
211516 280
211628 284
211740 287
211852 287
211964 295
212076 304
212188 304
212300 312
212420 316
212532 319
212644 319
212756 327
212868 327
212980 335
213092 344
213204 344
213316 352
213436 352
213548 359
213660 359
213772 368
213884 369
213996 384
214112 384
214224 384
214336 387
214452 391
214564 398
214676 399
214792 408
214904 412
215016 415
215128 415
215240 423
215352 428
215468 432
215584 440
215696 440
215808 448
215920 449
216032 455
216144 455
216256 463
216368 465
216488 472
216600 480
216712 480
216824 483
216936 487
217048 496
217160 497
217272 504
217384 508
217504 511
217616 515
217728 519
217840 526
217952 527
218064 536
218176 540
218288 543
218400 543
218520 551
218632 556
218744 560
218856 568
218968 568
219080 574
219192 575
219308 575
219420 583
219536 591
219648 591
219760 600
219872 604
219988 608
220100 611
220212 615
220324 624
220436 624
220552 632
220668 636
220780 639
220892 639
221004 639
221116 647
221228 655
221340 664
221452 664
221564 670
221680 671
221792 675
221904 679
222016 688
222128 696
222240 696
222352 704
222464 704
222576 707
222696 711
222808 718
222920 719
223032 728
223144 732
223256 736
223368 737
223480 743
223596 748
223712 768
223824 768
223936 768
224048 768
224160 768
224272 775
224388 775
224500 783
224612 783
224728 792
224840 796
224952 799
225068 799
225180 807
225292 816
225404 817
225516 824
225628 828
225744 831
225860 831
225972 839
226084 847
226196 847
226308 856
226420 860
226532 864
226644 867
226764 871
226876 880
226988 880
227100 888
227212 896
227324 896
227436 899
227548 903
227660 910
227780 911
227892 920
228004 924
228116 927
228228 927
228340 935
228452 942
228564 944
228676 952
228796 960
228908 960
229020 963
229132 967
229244 975
229356 975
229468 984
229584 988
229696 992
229812 999
229924 1004
230036 1008
230148 1016
230264 1016
230376 1009
230488 1008
230600 999
230712 999
230828 992
230944 988
231056 984
231168 975
231280 974
