0 0
0 0
0 0
0 0
2 1
7 4
10 7
14 10
19 14
23 17
28 21
31 24
35 29
40 32
44 37
48 41
53 46
57 50
61 54
65 59
70 63
74 67
78 72
82 76
87 80
91 85
96 89
100 92
104 97
108 101
112 106
117 110
121 114
126 118
130 123
134 128
138 131
143 137
147 141
152 146
156 150
161 154
166 159
169 162
173 166
178 171
183 176
187 180
192 185
196 189
200 194
204 198
209 202
214 206
218 212
223 216
227 220
232 225
237 229
240 234
245 238
249 243
254 247
257 251
263 256
267 260
272 265
277 269
281 275
285 279
290 283
294 287
299 292
303 296
307 301
312 305
316 308
320 314
325 318
330 323
334 327
339 332
343 336
348 341
352 346
357 350
361 355
366 359
371 364
375 368
379 373
385 377
388 381
393 386
397 391
402 395
407 401
412 404
416 409
420 414
424 418
429 423
434 428
438 431
443 436
447 441
452 445
457 450
461 454
465 458
470 463
474 468
479 473
484 477
488 481
493 486
497 491
502 495
507 500
511 504
515 508
520 513
525 517
529 522
532 526
537 530
542 536
548 540
552 545
556 549
561 554
566 558
570 562
574 567
579 571
583 576
587 581
593 586
597 590
602 595
606 599
611 604
615 609
620 613
625 616
628 622
633 626
637 631
642 635
647 640
651 645
656 649
660 654
665 657
669 662
674 667
678 671
683 675
686 679
691 684
697 689
701 693
706 698
710 703
714 708
719 712
723 717
728 720
732 724
736 729
741 734
746 739
750 743
754 747
759 752
764 758
768 761
772 766
777 770
782 775
786 780
790 784
794 788
799 793
804 797
808 802
813 806
818 810
821 814
826 819
830 823
835 828
839 832
844 837
848 841
853 846
857 850
861 854
865 858
870 863
874 867
879 872
884 877
888 881
893 886
897 889
901 893
906 899
910 902
913 906
918 911
923 916
927 920
932 924
936 929
940 932
945 938
949 941
952 946
957 950
961 955
966 959
971 963
975 968
980 972
983 977
988 981
992 985
997 990
1001 994
1004 996
1009 1002
1014 1007
1017 1010
