0 0
0 0
0 0
0 0
2 0
6 1
10 3
14 4
19 5
23 6
26 7
31 9
35 10
40 11
43 12
47 13
51 15
56 16
60 17
63 19
68 20
72 23
76 25
80 26
85 31
89 34
93 38
97 44
102 46
106 50
110 55
115 59
119 64
124 68
128 73
132 76
137 81
141 86
146 90
149 95
154 98
158 103
164 105
168 110
172 116
176 121
181 125
185 129
188 134
194 139
198 142
203 149
207 152
211 156
216 160
220 163
225 168
229 171
234 177
238 181
243 187
247 191
251 195
256 201
261 207
265 211
270 216
274 218
278 222
283 227
287 232
291 234
296 239
300 245
306 249
310 256
314 259
319 262
323 267
328 273
332 278
337 283
341 284
346 289
350 292
355 298
359 304
364 307
368 312
373 316
378 320
382 324
387 327
391 334
396 339
400 344
403 347
410 353
414 358
418 365
422 367
427 372
432 375
436 380
441 385
446 389
450 393
454 398
458 404
463 407
467 411
473 416
477 422
481 428
486 432
491 435
495 440
500 443
504 448
509 452
512 454
517 461
522 467
526 469
533 475
536 479
540 485
545 488
550 493
554 498
559 502
563 507
567 512
572 516
577 520
581 525
585 529
590 533
595 538
599 541
604 546
608 551
612 556
617 561
621 566
627 570
631 574
636 578
639 582
645 588
649 593
654 597
658 601
662 608
667 609
670 614
676 618
680 621
685 628
689 633
694 638
697 642
703 647
707 651
712 658
717 662
721 665
725 669
729 672
735 676
739 679
744 685
748 691
752 695
756 699
762 704
767 710
770 715
775 718
779 722
784 727
787 728
793 737
797 740
801 745
806 750
810 753
815 759
819 758
824 767
828 770
833 776
836 780
841 784
844 791
850 795
854 799
859 803
864 808
868 812
872 815
877 818
881 824
885 827
889 833
894 840
898 841
902 846
908 851
912 854
917 860
921 864
925 869
927 869
933 877
937 880
941 886
946 891
950 896
955 899
959 903
964 905
968 911
973 916
977 920
981 925
986 927
988 935
994 937
997 944
1002 946
1007 951
1011 954
1015 957
1019 963