0 0
0 0
0 0
0 0
2 0
6 0
10 1
14 1
18 2
23 3
26 4
30 4
34 5
38 5
43 6
47 7
50 7
55 7
59 8
63 8
67 9
71 9
75 10
79 10
83 11
88 11
92 12
96 12
100 12
104 13
108 13
113 14
117 14
121 15
125 15
129 16
134 16
137 17
141 18
146 18
150 19
155 20
159 20
162 21
167 22
172 24
176 25
180 26
185 27
189 29
193 32
197 34
202 36
206 40
210 43
215 48
219 51
224 55
227 63
233 65
237 69
242 74
246 80
250 83
255 86
259 91
264 97
268 101
272 105
277 110
281 116
286 119
290 123
295 127
299 133
305 136
309 141
313 145
317 151
322 154
326 161
331 165
336 169
340 173
345 176
349 182
354 185
358 189
363 193
366 196
372 202
376 206
381 212
385 216
390 223
395 228
399 232
404 237
408 243
413 247
418 249
422 253
426 257
430 259
435 264
440 270
444 276
449 279
453 285
458 289
462 293
467 301
472 305
476 307
481 310
484 315
490 321
494 325
498 329
503 333
507 338
513 343
516 348
521 352
526 357
530 361
535 367
539 371
543 376
549 380
553 384
557 393
562 393
567 398
571 402
576 406
580 411
585 414
589 416
593 425
598 428
602 432
607 438
612 443
617 448
622 455
627 457
630 462
635 466
639 470
644 474
648 476
652 478
658 485
661 490
666 499
671 500
675 505
680 510
685 516
689 521
693 525
698 527
701 533
707 536
711 541
716 546
720 546
725 554
729 559
734 562
738 568
743 573
747 576
752 581
756 588
760 591
765 597
770 598
774 603
779 609
783 612
788 618
792 621
796 624
800 631
805 633
810 639
814 646
819 648
823 652
828 657
832 662
836 666
841 669
845 675
850 678
854 684
859 688
863 691
866 697
871 702
877 704
880 706
884 711
889 719
894 722
898 728
903 730
907 735
911 739
915 745
920 752
924 754
928 758
932 762
937 764
941 770
946 775
950 779
954 783
959 788
963 793
967 797
971 802
975 808
980 811
984 813
989 820
994 822
998 828
1003 832
1006 835
1010 838
1015 840
1018 843