0 0
0 0
0 0
0 0
2 0
6 0
10 0
14 1
18 1
22 2
26 3
30 3
34 4
38 3
42 4
47 4
50 5
55 5
59 5
63 6
67 6
71 6
75 7
80 7
84 8
88 8
92 8
96 8
100 9
104 9
108 10
113 10
116 10
122 10
125 11
130 11
133 11
138 12
142 12
146 12
150 12
154 13
158 14
162 13
167 14
171 14
175 14
179 14
184 15
189 15
192 16
196 16
200 16
205 17
209 17
213 18
217 18
222 18
226 19
230 19
235 20
239 20
243 21
247 21
252 22
257 21
260 23
265 24
269 24
274 25
278 26
282 28
286 28
290 30
296 32
299 34
304 37
308 40
312 44
317 47
321 50
326 53
330 57
335 63
339 68
344 73
349 77
354 84
358 87
363 92
368 97
372 100
376 105
380 108
385 111
389 116
394 119
398 122
403 131
407 135
412 139
417 145
421 152
426 156
430 157
434 161
439 164
443 171
448 176
453 180
458 184
462 191
467 191
471 197
475 205
480 207
484 211
489 216
493 221
498 226
503 227
507 233
511 238
516 244
521 247
525 252
530 255
534 259
539 264
543 270
547 277
552 278
557 284
562 288
567 291
571 297
575 299
579 306
584 314
589 315
593 319
598 324
602 330
607 332
612 338
617 339
620 344
625 350
629 355
634 359
638 367
643 370
648 376
652 380
656 387
661 386
666 392
670 396
674 397
679 403
683 407
688 414
692 420
697 422
701 427
707 431
710 438
715 443
719 448
725 450
728 456
733 458
738 464
743 468
747 472
751 472
756 478
760 485
764 495
769 492
773 497
778 503
782 507
788 510
792 512
796 522
800 527
804 535
808 532
814 538
817 541
822 544
827 549
831 554
836 558
840 566
844 567
850 572
853 578
857 586
862 589
866 591
870 595
874 596
880 604
884 608
888 612
892 616
897 621
902 627
905 631
911 630
913 636
919 641
923 647
927 652
932 653
936 660
941 665
945 668
949 674
954 676
957 681
961 688
967 688
971 692
975 694
980 697
984 707
988 712
993 715
997 723
1001 725
1004 732
1009 737
1013 742
1017 742
1022 746