0 0
0 0
0 0
0 0
2 0
6 0
11 0
14 1
18 1
22 1
26 2
31 2
35 3
38 3
42 3
47 4
50 4
55 5
59 4
63 5
67 6
71 6
76 6
80 6
83 7
88 7
92 7
96 7
100 8
104 8
108 8
113 9
116 9
121 9
125 9
129 9
134 10
137 10
141 10
146 11
150 11
154 11
159 12
163 12
167 12
171 12
175 13
180 13
183 13
188 13
192 14
197 14
201 14
205 13
209 15
213 15
218 15
222 15
226 16
230 15
235 16
239 17
243 17
247 17
251 18
256 18
260 18
264 18
269 19
273 19
278 20
282 20
285 21
290 21
294 21
299 22
303 23
307 23
312 24
316 25
321 26
325 26
329 27
333 28
338 29
342 31
346 31
351 33
355 35
360 38
364 41
369 45
373 49
378 53
382 57
387 62
391 67
396 70
400 75
405 80
409 84
414 89
418 93
423 98
427 101
432 101
436 110
441 116
445 119
450 125
454 129
459 134
464 137
468 144
473 147
477 151
482 155
486 157
491 161
496 165
499 173
504 178
509 181
514 187
518 191
523 197
527 202
531 203
536 210
540 213
545 218
550 223
555 227
559 235
563 236
568 241
572 243
577 247
581 255
586 258
591 262
596 269
600 267
604 275
608 284
613 288
618 292
622 294
627 298
631 302
635 305
641 312
645 315
649 326
654 323
659 330
663 333
667 340
672 344
676 346
680 354
685 356
690 362
694 365
699 370
703 373
708 381
712 385
717 386
721 389
725 397
730 401
735 405
739 410
744 415
748 418
754 425
757 430
761 434
766 437
771 442
775 445
779 450
783 454
789 457
793 460
797 463
803 471
807 476
810 480
816 485
818 493
824 498
828 499
833 504
838 506
842 510
846 515
850 520
855 522
859 526
863 528
867 532
872 541
877 546
881 550
886 557
890 561
894 568
899 568
903 573
907 576
911 581
915 585
920 587
924 594
928 597
933 602
938 607
942 612
946 615
951 620
955 625
959 627
961 628
966 635
970 637
975 646
979 649
984 654
988 657
992 662
995 665
1000 671
1004 672
1010 675
1012 681
1016 686
1021 690