0 0
0 0
0 0
0 0
2 0
6 0
10 0
14 0
19 1
22 1
26 1
30 1
34 2
38 2
42 3
46 3
51 3
55 4
59 4
63 5
67 5
71 5
75 5
80 5
83 6
88 6
92 6
96 7
100 6
104 7
108 7
112 7
117 7
121 8
125 8
129 8
133 8
137 9
142 9
146 9
150 9
154 9
158 10
163 10
167 10
172 10
175 11
179 11
184 11
188 12
192 12
196 12
201 12
205 12
209 12
213 12
218 13
222 13
226 13
230 13
235 14
239 14
243 14
248 14
251 15
256 16
260 15
264 15
269 15
273 16
277 16
282 16
285 17
290 17
294 17
298 17
303 18
307 18
312 18
316 19
320 19
325 19
329 19
333 20
338 20
341 20
345 20
350 21
354 22
359 22
363 22
367 22
372 23
376 24
381 24
385 25
389 26
393 27
398 28
402 28
407 29
411 30
415 32
420 34
424 35
429 38
433 40
437 44
442 47
447 52
451 54
456 61
461 66
465 72
470 74
474 78
478 81
483 84
487 91
492 95
495 97
500 107
505 108
510 112
515 117
520 125
524 129
528 131
533 135
538 137
543 144
547 148
552 152
556 159
561 161
565 167
568 171
573 175
578 179
582 183
587 188
592 191
596 198
600 204
605 208
609 214
614 216
619 220
623 223
628 225
632 229
637 237
641 241
646 248
651 249
654 255
660 260
664 266
668 271
672 275
677 279
681 281
686 284
691 291
696 296
700 300
704 305
708 311
714 311
718 318
722 320
727 326
731 330
736 335
740 342
745 341
750 349
754 358
758 359
762 363
767 366
771 370
775 371
780 378
785 382
788 389
794 390
798 397
803 400
808 407
812 412
814 418
821 420
825 425
829 426
834 434
838 437
842 441
847 443
851 452
856 453
860 461
865 458
868 467
872 471
877 474
882 481
886 481
891 487
895 493
900 494
904 504
908 506
913 510
916 517
921 516
926 526
929 527
935 528
939 536
944 541
947 543
952 550
956 550
960 560
964 567
968 568
973 570
977 574
981 578
986 580
990 583
994 590
999 595
1004 598
1007 604
1011 608
1016 612