0 0
0 0
0 0
0 0
2 0
6 0
10 0
14 0
18 1
22 1
26 1
31 1
34 2
38 2
42 2
47 3
50 3
55 4
59 4
63 3
67 4
71 4
76 5
79 4
84 5
88 5
91 5
96 5
100 6
104 6
108 6
112 7
116 7
120 7
124 7
128 7
133 8
137 8
142 8
145 8
149 8
154 9
158 8
162 10
166 9
171 10
175 9
179 10
184 10
187 10
192 10
196 10
200 11
204 11
209 11
213 11
217 12
221 12
226 12
230 12
235 12
238 12
243 12
247 13
251 13
256 13
260 13
264 14
268 14
272 14
277 14
281 14
286 14
290 15
294 15
298 15
302 15
307 15
311 16
315 16
320 16
324 16
328 17
333 16
337 17
341 17
345 17
350 18
353 18
358 18
363 18
368 19
372 19
376 19
380 20
384 20
389 20
393 20
397 20
401 21
406 21
410 21
415 22
419 22
423 22
428 23
432 23
436 24
441 24
445 24
449 25
453 25
458 26
463 27
467 28
471 28
476 29
480 29
484 31
488 32
493 34
497 36
502 37
506 40
510 43
515 45
520 49
524 51
528 58
533 62
538 65
542 71
546 74
551 81
555 84
560 89
564 95
569 97
574 101
578 106
583 106
587 115
591 121
596 120
601 128
605 131
610 137
614 141
619 146
625 148
628 154
632 159
637 162
641 169
646 172
650 177
655 181
659 188
663 192
669 193
673 198
677 204
682 207
686 212
691 216
695 220
700 224
705 230
709 235
713 242
718 243
722 247
727 251
731 255
736 258
740 264
745 266
750 272
754 278
759 281
763 287
767 292
770 297
776 302
779 309
784 314
790 313
794 317
799 322
803 323
807 327
812 333
816 338
820 342
825 347
829 351
833 356
838 366
842 368
847 374
851 374
856 380
861 383
865 387
868 392
872 393
876 399
881 406
887 405
890 416
896 417
901 421
904 426
909 430
913 435
918 441
921 443
924 446
930 452
934 457
939 460
943 461
947 467
952 470
956 478
960 482
965 486
969 490
973 493
977 498
981 499
986 507
990 508
995 513
1000 519
1004 524
1008 528
1011 535
1016 536
1020 540