132 7
136 7
140 7
143 7
148 7
151 7
155 8
159 7
162 8
167 8
170 8
174 8
178 8
181 9
185 9
189 9
194 9
197 9
200 9
204 9
209 10
213 10
217 10
220 10
224 10
228 11
232 11
236 10
240 11
244 12
247 11
252 12
255 12
259 12
264 12
267 12
271 12
275 12
279 12
283 13
287 13
291 12
294 13
299 13
303 13
307 13
310 14
314 14
318 14
322 14
326 14
330 14
334 14
338 15
342 15
346 15
350 16
354 15
358 15
362 16
366 16
370 16
374 16
378 17
383 16
386 17
391 17
394 17
398 17
402 17
406 18
410 18
414 18
418 18
423 18
427 18
431 19
435 18
439 19
443 19
447 19
451 19
455 20
459 20
463 20
467 20
471 20
475 21
479 22
483 21
487 22
491 21
495 22
500 22
503 23
507 23
512 23
516 23
520 24
524 24
528 25
532 25
536 25
540 25
544 26
549 26
552 26
556 27
560 27
564 28
569 29
572 29
577 30
581 31
585 32
589 32
594 33
598 35
602 36
605 38
610 40
614 43
618 45
623 48
626 52
631 56
635 59
640 63
644 68
648 70
652 75
656 76
660 82
665 87
669 93
673 98
678 101
682 104
687 111
691 114
695 117
700 121
704 125
707 127
712 133
716 136
720 143
724 147
729 150
734 153
738 158
743 162
747 166
751 169
754 175
758 180
763 182
767 187
772 191
776 196
781 198
784 206
789 206
793 210
797 215
801 221
805 224
809 229
814 234
818 239
822 244
827 249
831 252
836 255
840 258
844 265
848 265
852 270
856 271
861 274
865 282
869 287
874 291
878 291
882 297
887 303
891 307
894 312
899 317
903 320
907 324
911 328
916 330
920 332
924 340
929 345
932 344
936 352
940 357
945 362
949 369
953 372
957 373
962 382
966 384
970 387
974 391
978 394
982 396
985 400
990 405
995 412
999 416
1003 418
1007 423
1011 427
1016 433
1019 437