20 448
80 384
132 352
184 304
236 255
288 224
340 192
392 152
444 124
496 96
548 71
600 56
652 35
704 30
760 24
812 17
864 24
916 30
968 35
1020 60
1076 71
1132 96
1184 126
1236 156
1288 192
1340 224
1392 255
1444 291
1496 334
1548 384
1600 415
1652 455
1704 504
1756 540
1808 575
1860 624
1916 639
1968 704
2020 707
2072 768
2128 768
2180 783
2236 799
2288 824
2340 830
2392 831
2444 831
2496 831
2548 828
2600 824
2652 799
2704 782
2756 768
2808 768
2860 707
2912 704
2964 639
3016 624
3072 575
3128 542
3180 508
3232 480
3284 448
3336 385
3392 384
3444 318
3496 284
3548 252
3600 224
3652 192
3704 192
3756 143
3808 127
3860 112
3912 96
3964 96
4016 96
4068 96
4120 96
4180 96
4232 112
4284 120
4336 127
4388 152
4440 192
4492 195
4548 224
4600 255
4652 287
4704 319
4756 384
4808 385
4860 419
4912 455
4964 496
5016 524
5068 560
5120 588
5180 624
5232 639
5284 671
5336 704
5388 768
5440 768
5492 768
5544 768
5596 768
5648 769
5704 769
5756 768
5808 768
5860 768
5912 768
5964 768
6016 705
6068 704
6120 668
6172 639
6232 608
6284 575
6336 547
6388 515
6440 496
6492 451
6544 448
6596 387
6648 384
6700 327
6752 304
6804 271
6860 252
6912 224
6964 224
7016 192
7068 192
7120 159
7172 143
7232 135
7284 135
7336 135
7388 135
7440 143
7492 156
7544 192
7596 192
7648 195
7700 224
7752 248
7804 255
7856 287
7908 316
7960 352
8016 384
8068 399
8120 448
8172 455
8224 496
8280 519
8336 543
8388 575
8440 608
8492 632
8544 639
8596 664
8648 704
8700 704
8752 704
8804 768
8856 768
8908 768
8960 768
9012 768
9064 768
9116 707
9172 704
9224 704
9280 671
9332 647
9384 636
9436 608
9492 583
9544 568
9596 540
9648 511
9700 496
9752 455
9804 448
9856 399
9908 384
9960 352
10012 319
10064 304
10116 280
10168 255
10220 248
10272 240
10332 224
10384 199
10436 192
10488 192
10540 192
10592 192
10644 192
10696 192
10748 195
10800 224
10856 224
10908 240
10960 254
11012 268
11064 287
11116 316
11168 327
11220 384
11272 384
11332 412
11384 448
11436 455
11488 496
11540 510
11592 527
11644 551
11696 575
11748 608
11800 624
11852 632
11904 639
11956 654
12008 664
12064 671
12116 671
12168 704
12220 704
12272 671
12324 671
12380 668
12432 655
12484 639
12536 636
12588 624
12640 608
12692 575
12744 568
12796 543
12848 519
12904 504
12956 480
13008 451
13060 448
13112 408
13164 384
13216 384
13268 352
13320 319
13380 312
13432 287
