24 1023
76 536
128 542
180 540
232 527
292 513
344 504
396 480
448 448
500 415
552 385
604 384
656 319
712 312
764 287
816 280
868 284
920 287
972 304
1024 319
1076 352
1128 384
1180 412
1232 448
1284 480
1344 511
1396 540
1448 568
1500 575
1552 590
1604 608
1656 591
1708 575
1760 572
1812 543
1864 515
1920 496
1972 455
2024 448
2076 391
2128 384
2180 352
2232 319
2284 334
2344 496
2396 519
2448 527
2500 536
2552 531
2604 527
2656 519
2708 519
2760 512
2812 511
2864 508
2916 508
2968 504
3020 504
3076 496
3128 496
3180 496
3232 496
3284 496
3336 496
3392 496
3448 480
3500 480
3552 480
3604 480
3656 480
3708 480
3760 480
3812 480
3864 480
3916 480
3968 480
4020 480
4072 480
4124 480
4176 480
4232 480
4284 480
4336 480
4392 480
4444 480
4496 480
4552 480
4604 480
4656 480
4708 480
4760 480
4812 480
4864 480
4916 480
4968 480
5020 480
5072 480
5124 480
5176 480
5228 480
5280 480
5332 480
5388 480
5444 480
5496 455
5548 480
5600 455
5652 455
5708 455
5760 455
5812 455
5864 455
5916 455
5968 455
6020 455
6072 455
6124 455
6176 455
6228 455
6280 455
6332 455
6384 455
6444 455
6496 455
6548 455
6600 455
6652 455
6704 455
6756 455
6808 455
6864 455
6916 455
6968 455
7020 455
7072 451
7124 451
7176 454
7228 451
7280 451
7332 451
7384 451
7436 451
7496 451
7548 451
7600 451
7652 451
7704 451
7756 451
7808 451
7860 451
7912 451
7964 451
8020 451
8072 451
8124 451
8176 451
8228 451
8280 451
8332 451
8384 451
8436 451
8496 451
8548 451
8600 451
8652 451
8704 451
8756 451
8808 449
8860 451
8912 451
8964 451
9016 451
9068 451
9120 451
9176 449
9228 449
9280 451
9332 449
9384 449
9436 449
9488 451
9548 451
9600 449
9652 449
9704 449
9756 451
9808 449
9860 451
9912 449
9964 449
10016 451
10068 449
10120 451
10172 449
10224 449
10276 451
10332 449
10384 449
10436 449
10488 449
10544 449
10596 451
10652 449
10704 451
10756 451
10808 449
10860 451
10912 449
10964 449
11016 449
11068 451
11120 449
11172 449
11224 449
11276 449
11328 451
11380 449
11432 449
11488 449
11540 449
11596 451
11648 449
11700 449
11752 451
11804 451
11856 449
11908 449
11960 449
12012 449
12068 449
12120 449
12172 451
12224 449
12276 449
12328 449
12380 451
12432 449
12484 449
12536 449
12596 449
12648 449
12700 449
12752 449
12804 451
12856 449
12908 449
12960 449
13012 449
13064 449
13116 449
13168 449
13224 449
13276 449
13328 449
13380 449
13432 451
13484 451
13536 449
13588 449
13640 449
13692 449
13744 449
13796 449
13848 449
13904 449
13956 449
14008 449
14064 449
14116 449
14168 449
14220 449
14276 449
14328 449
14380 449
14432 449
14484 449
14536 449
14588 451
14640 449
14692 449
14744 449
14796 451
14848 449
14900 449
14952 451
15004 449
15056 449
15116 449
15168 449
15220 449
15272 449
15324 449
15376 449
15428 449
15480 449
15532 449
15584 449
15640 449
15692 449
15744 449
15796 449
15848 449
15900 449
15952 449
16004 449
16056 449
16116 449
16168 449
16220 449
16272 449
16324 449
16376 449
16428 449
16480 449
16532 449
16584 449
16636 449
16688 449
16740 449
16792 449
16848 449
16900 449
16952 451
17004 449
17056 449
17108 449
17164 449
17216 449
17268 451
17320 449
17372 451
17424 449
17476 449
17528 451
17580 451
17632 449
17688 449
17740 451
17792 449
17844 449
17896 449
17948 449
18000 451
18052 451
18104 449
18164 449
18216 451
18268 451
18320 449
18372 449
18424 449
18476 449
18528 449
18580 449
18632 451
18684 449
18736 449
18788 449
18844 449
18896 449
18948 449
19000 449
19052 449
19104 449
19156 449
19212 449
19264 449
19316 451
19368 449
19420 449
19472 449
19524 449
19576 449
19628 449
19684 451
19736 449
19788 449
19840 449
19892 449
19944 449
19996 449
20048 449
20100 449
20152 449
20212 449
20264 449
20316 449
20368 451
20420 449
20472 449
20524 449
20576 449
20628 449
20680 449
20732 449
20784 451
20840 449
20892 451
20944 449
20996 387
21048 280
21100 192
21152 96
21204 7
21260 0
21312 0
21364 0
21416 0
21468 0
21520 48
21572 124
21624 224
21676 319
21728 448
21784 536
21836 639
21888 768
21940 816
21992 896
22044 911
22096 931
22148 927
22200 903
22260 864
22312 783
22364 704
22416 624
22468 512
22520 412
22572 312
22624 224
22676 127
22728 63
22780 15
22832 0
22884 0
22936 0
22988 28
23044 71
23096 143
23148 224
23200 318
23252 412
23308 512
23360 608
23412 704
23464 768
23516 824
23568 864
23620 896
23672 896
23724 864
23780 824
23832 768
23884 704
23936 624
23988 524
24040 448
24092 352
24144 255
24196 192
24248 124
24308 63
24360 39
24412 31
24464 39
24516 63
24568 120
24620 192
24672 248
24724 319
24776 403
24828 496
24880 574
24932 639
24984 711
25040 768
25092 799
25144 828
25196 830
25248 816
25300 780
25356 768
25408 671
25460 608
25512 519
25564 448
25616 384
25668 287
25720 224
25772 159
25824 124
25880 96
25932 78
25984 96
26036 112
26088 135
26140 192
26192 252
26244 318
26296 387
26356 480
26408 543
26460 624
26512 671
26564 768
26616 768
26668 775
26720 782
26772 769
26824 768
26876 704
26932 399
26984 319
27036 255
27088 192
27144 135
27196 112
27248 96
27300 78
27352 96
27404 120
27456 159
27508 224
27560 280
27612 384
27664 448
27716 508
27776 575
27828 639
27880 704
27932 768
27984 768
28036 782
28088 775
28140 768
28192 768
28244 704
28300 632
28352 568
28404 496
28456 419
28508 384
28560 287
28612 240
28664 192
28716 145
28768 127
28828 124
28880 127
28932 158
28984 192
29036 248
29088 295
29140 384
29192 448
29244 496
29296 560
29348 624
29400 664
29456 704
29508 768
29560 768
29612 768
29664 768
29716 704
29768 655
29828 608
29880 547
29932 496
29984 448
30036 384
30088 312
30140 255
30192 224
30244 192
30296 192
30348 159
30400 159
30452 192
30504 224
30556 255
30612 312
30664 384
30716 415
30768 480
30820 527
30876 583
30932 636
30984 670
31036 704
31088 704
31140 704
31192 704
31244 671
31296 639
31348 608
31400 543
31452 504
31504 448
31556 384
31608 335
31660 287
31712 254
31768 224
31820 199
31876 192
31928 195
31980 224
32032 248
32088 271
32140 318
32192 384
32244 415
32296 480
32348 515
32400 568
32452 608
32504 636
32556 655
32608 671
32660 671
32712 664
32764 639
32816 624
32868 582
32928 540
32980 496
33032 448
33084 391
33136 352
33188 312
33244 271
33296 252
33348 240
33400 224
33452 224
33504 240
33556 255
33608 287
33660 319
33712 384
33764 412
33816 455
33868 504
33928 543
33980 575
34032 608
34084 636
34136 639
34188 639
34240 639
34292 632
34344 608
34400 574
34452 531
34504 496
34556 449
34608 408
34660 384
34712 327
34764 304
34816 271
34868 255
34920 252
34980 254
35032 255
35084 280
35136 312
35188 352
35240 384
35292 414
35344 449
35396 496
35448 527
35500 568
35556 583
35608 608
35660 624
35712 632
35764 624
35816 608
35868 583
35920 568
35980 524
36032 496
36084 449
36136 415
36188 384
36240 352
36292 318
36344 291
36396 280
36448 271
36500 271
36552 280
36604 291
36656 318
36712 352
36764 384
36816 414
36868 448
36920 480
36972 512
37028 543
37080 574
37132 588
37184 608
37236 608
37288 608
37340 588
37392 574
37444 547
37496 519
37552 496
37604 455
37656 448
37708 387
37760 384
37812 334
37864 318
37916 304
37968 287
38028 287
38080 291
38132 316
38184 327
38236 384
38288 384
38340 414
38392 448
38444 480
38496 508
38548 527
38600 551
38652 572
38708 575
38760 579
38812 575
38864 575
38916 568
38968 542
39020 512
39076 496
39128 451
39180 448
39232 396
39284 384
39336 352
39388 327
39440 415
39492 504
39548 519
39600 527
39652 536
39704 529
39756 527
39808 519
39860 515
39912 512
39964 510
40016 508
40076 504
40128 504
40180 504
40232 496
40284 496
40336 496
40392 671
40444 670
40496 647
40548 632
40600 583
40656 543
40708 504
40760 449
40812 399
40864 384
40916 318
40968 280
41020 254
41072 240
41124 224
41176 224
41228 240
41288 255
41340 287
41392 319
41444 384
41496 412
41548 451
41600 504
41652 542
41704 575
41756 608
41808 636
41864 639
41916 639
41968 639
42020 632
42072 608
42124 575
42176 543
42228 508
42288 451
42340 412
42392 384
42444 327
42496 304
42548 271
42600 255
42652 252
42704 252
42756 255
42808 271
42860 304
42912 327
42964 384
43020 401
43072 448
43124 496
43176 519
43228 560
43284 583
43340 608
43392 624
43444 632
43496 624
43548 608
43600 583
43652 568
43704 527
43756 504
43808 455
43860 415
43912 384
43964 384
44016 319
44068 304
44120 284
44176 271
44228 270
44280 271
44336 287
44388 316
44440 352
44496 384
44548 408
44600 448
44652 480
44704 511
44756 542
44808 568
44860 582
44912 608
44964 608
45016 608
45068 590
45120 575
45172 551
45224 524
45276 504
45336 455
45388 448
45440 391
45492 384
45544 352
45596 318
45652 304
45704 287
45756 287
45808 291
45860 312
45912 319
45964 352
46016 384
46068 403
46120 448
46172 480
46224 504
46276 524
46328 543
46388 572
46440 575
46492 575
46544 575
46596 575
46648 568
46700 543
46752 515
46808 496
46860 480
46912 448
46964 403
47016 384
47068 384
47120 334
47172 414
47224 504
47276 519
47328 527
47388 527
47440 527
47492 524
47544 519
47596 512
47648 511
47700 510
47752 508
47804 504
47856 504
47908 504
47964 496
48016 496
48068 496
48120 496
48172 496
48224 496
48276 480
48328 480
48380 480
48440 480
48492 480
48544 480
48596 480
48648 480
48700 480
48752 480
48804 480
48856 480
48908 480
48960 480
49012 480
49064 480
49120 480
49172 480
49224 480
49276 480
49328 480
49380 480
49436 480
49492 480
49544 480
49596 480
49648 480
49700 480
49752 480
49804 480
49856 480
49908 480
49960 480
50012 480
50064 480
50116 480
50168 480
50220 480
50276 480
50328 455
50380 455
50432 455
50488 455
50540 455
50596 455
50648 455
50700 455
50752 455
50804 455
50856 455
50908 455
50960 451
51012 455
51064 455
51116 455
51168 454
51220 455
51272 455
51324 454
51376 451
51432 451
51488 451
51540 451
51592 451
51644 451
51696 451
51752 451
51804 451
51856 451
51908 451
51960 451
52012 451
52064 451
52116 451
52168 451
52220 451
52272 451
52324 451
52376 451
52428 451
52480 451
52540 451
52592 451
52644 451
52696 451
52748 449
52800 449
52852 449
52908 451
52960 451
53012 449
53064 449
53116 449
53168 451
53220 451
53272 449
53324 449
53376 449
53428 451
53480 451
53540 449
53592 451
53644 449
53696 449
53748 451
53800 451
53860 451
53912 451
53964 451
54016 451
54068 451
54120 448
54172 451
54224 451
54276 451
54328 451
54380 451
54432 451
54484 451
54536 451
54588 451
54648 451
54700 451
54752 451
54804 451
54856 451
54908 451
54960 451
55012 451
55068 451
55120 451
55172 451
55224 449
55276 451
55328 449
55380 451
55432 449
55484 451
55536 449
55588 451
55648 451
55700 449
55752 449
55804 451
55856 449
55908 451
55960 451
56012 451
56064 451
56116 449
56168 449
56220 449
56276 449
56328 449
56380 451
56432 449
56484 449
56536 451
56588 451
56640 451
56700 449
56752 449
56804 451
56856 449
56908 449
56960 449
57012 449
57064 449
57116 449
57168 449
57220 449
57272 449
57324 448
57376 449
57432 449
57484 449
57536 449
57588 451
57640 449
57696 449
57752 449
57804 449
57856 449
57908 449
57960 449
58012 449
58064 449
58116 449
58168 449
58220 449
58272 449
58324 449
58376 449
58428 449
58480 449
58532 449
58588 449
58640 449
58692 449
58748 449
58800 449
58852 449
58908 449
58960 449
59012 449
59064 449
59116 449
59168 449
59220 449
59272 449
59324 449
59376 449
59428 451
59480 451
59532 449
59584 449
59636 449
59688 449
59748 449
59800 449
59852 449
59904 449
59956 449
60008 449
60064 449
60116 449
60168 449
60220 449
60272 449
60324 449
60376 449
60428 449
60480 449
60532 449
60584 449
60636 449
60688 449
60740 449
60800 449
60852 449
60904 449
60956 449
61008 449
61060 449
61112 449
61164 449
61220 449
61272 449
61324 449
61376 449
61428 449
61480 449
61532 451
61584 451
61636 449
61688 449
61740 449
61800 449
61852 449
61904 451
61956 449
62008 451
62060 449
62112 449
62164 449
62216 449
62268 449
62320 449
62376 449
62428 449
62480 449
62532 449
62584 449
62636 449
62688 449
62740 449
62792 449
62852 449
62904 449
62956 448
63008 449
63060 449
63112 449
63164 449
63216 451
63268 449
63320 449
63372 449
63424 449
63476 449
63532 449
63584 449
63636 449
63688 449
63740 449
63792 449
63848 448
63904 449
63956 449
64008 449
64060 449
64112 449
64164 449
64216 449
64268 449
64320 449
64372 449
64424 449
64476 449
64528 449
64580 449
64632 449
64688 449
64740 449
64792 449
64844 449
64900 449
64952 449
65008 448
65060 449
65112 449
65164 448
65216 448
65268 448
65320 448
65372 448
65424 449
65476 449
65528 449
65580 449
65632 449
65684 352
65736 240
65788 127
65844 56
65900 0
65952 0
66004 0
66056 0
66108 0
66164 0
66216 67
66268 159
66320 255
66372 384
66424 480
66476 582
66528 704
66580 771
66632 846
66684 897
66736 931
66788 960
66840 927
66892 896
66952 831
67004 768
67056 671
67108 574
67160 480
67212 384
67264 263
67324 504
67376 504
67428 504
67480 496
67532 496
67584 496
67636 496
67688 496
67740 496
67792 480
67852 480
67904 480
67956 480
68008 480
68060 480
68112 480
68164 480
68216 480
68268 480
68320 480
68372 480
68424 480
68480 480
68532 480
68584 480
68636 480
68688 480
68740 480
68792 480
68844 480
68904 480
68956 480
69008 480
69060 480
69112 480
69164 480
69216 480
69268 480
69320 480
69372 480
69424 480
69476 480
69528 480
69580 480
69636 480
69688 480
69740 455
69792 455
69844 455
69900 455
69956 455
70008 455
70060 455
70112 455
70164 455
70216 455
70268 455
70320 455
70372 455
70424 455
70476 455
70528 455
70580 455
70632 455
70684 455
70736 455
70792 455
70844 455
70896 454
70952 451
71004 455
71056 451
71108 451
71160 451
71212 451
71264 451
71316 454
71368 451
71420 451
71476 451
71528 451
71580 451
71632 449
71684 451
71736 449
71788 449
71840 451
71892 449
71952 451
72004 449
72056 449
72108 451
72160 449
72212 449
72264 449
72316 449
72368 451
72420 449
72472 449
72524 451
72576 451
72628 449
72680 451
72736 451
72788 449
72840 449
72892 449
72944 449
73000 449
73052 449
73104 449
73156 451
73208 451
73260 449
73312 449
73364 449
73416 448
73472 449
73524 449
73576 449
73628 449
73680 449
73732 449
73784 449
73836 449
73888 449
73940 449
74000 449
74052 449
74104 449
74156 449
74208 449
74260 449
74312 449
74364 449
74416 449
74468 449
74520 449
74572 449
74624 449
74676 449
74732 449
74784 449
74836 449
74888 449
74940 449
74992 449
75048 449
75100 449
75152 449
75204 449
75256 449
75308 449
75360 449
75412 449
75464 449
75516 449
75572 451
75624 449
75676 449
75728 449
75780 449
75832 449
75884 449
75936 449
75988 449
76048 449
76100 449
76152 449
76204 449
76256 449
76308 449
76360 449
76412 451
76464 451
76516 451
76568 451
76620 451
76672 451
76724 451
76780 451
76832 451
76884 451
76936 451
76988 451
77040 451
77096 451
77148 451
77200 451
77252 451
77304 451
77356 451
77408 451
77460 451
77512 451
77564 451
77620 451
77672 451
77724 451
77776 451
77828 451
77880 451
77932 451
77984 451
78036 451
78096 451
78148 451
78200 451
78252 451
78304 451
78356 451
78408 449
78460 451
78512 451
78564 449
78616 451
78668 451
78720 451
78776 451
78828 451
78880 451
78932 451
78984 451
79036 451
79088 451
79144 451
79196 451
79248 449
79300 451
79352 451
79404 451
79456 451
79508 451
79560 451
79616 451
79668 451
79720 451
79772 451
79824 451
79876 451
79928 451
79980 451
80032 451
80084 451
80144 451
80196 451
80248 451
80300 451
80352 451
80404 451
80456 451
80508 451
80560 451
80612 451
80664 451
80716 451
80772 449
80828 449
80880 448
80932 449
80984 449
81036 449
81088 448
81140 449
81192 449
81244 451
81296 449
81356 449
81408 449
81460 449
81512 449
81564 449
81616 449
81668 449
81720 449
81772 449
81824 449
81876 449
81928 449
81984 449
82036 449
82088 451
82140 449
82192 449
82244 449
82296 449
82356 449
82408 449
82460 449
82512 449
82564 449
82616 449
82668 449
82720 449
82772 449
82824 449
82876 449
82928 449
82980 449
83032 449
83084 448
83136 449
83192 449
83244 449
83296 449
83348 449
83404 449
83456 449
83512 449
83564 449
83616 449
83668 449
83720 449
83772 449
83824 449
83876 449
83928 451
83980 449
84032 451
84084 449
84136 449
84188 448
84240 449
84292 449
84348 449
84404 449
84456 448
84508 352
84560 240
84612 127
84668 56
84720 0
84772 0
84824 0
84876 0
84928 0
84980 0
85032 63
85084 152
85136 254
85188 384
85240 480
85292 575
85344 671
85396 768
85456 839
85508 896
85560 927
85612 931
85664 924
85716 896
85768 831
85824 768
85876 671
85928 574
85980 480
86032 384
86084 268
86136 192
86188 112
86240 48
86292 0
86344 0
86396 0
86456 0
86508 48
86560 112
86612 192
86664 263
86716 384
86768 455
86820 560
86872 639
86924 768
86980 783
87032 831
87084 896
87136 896
87188 896
87240 839
87292 796
87344 768
87396 655
87448 574
87508 480
87560 384
87612 287
87664 224
87716 143
87768 96
87820 56
87872 31
87924 30
87976 48
88028 96
88080 127
88136 195
88188 271
88240 384
88292 448
88344 527
88396 608
88448 704
88508 768
88560 792
88612 824
88664 830
88716 828
88768 799
88820 768
88872 704
88924 638
88976 568
89028 480
89080 399
89132 319
89184 252
89236 192
89292 135
89344 112
89396 96
89448 71
89500 96
89556 126
89612 192
89664 224
89716 287
89768 384
89820 448
89872 515
89924 583
89976 647
90028 704
90080 768
90132 771
90184 783
90236 780
90288 768
90340 768
90392 704
90448 624
90500 560
90556 480
90608 408
90660 352
90712 271
90768 224
90820 192
90872 135
90924 124
90976 124
91028 127
91080 156
91132 192
91184 248
91236 304
91288 384
91340 448
91392 496
91444 568
91496 624
91548 670
91608 705
91660 768
91712 768
91764 768
91816 768
91868 704
91924 647
91976 608
92028 543
92080 496
92132 415
92184 384
92236 304
92288 254
92340 224
92392 192
92444 159
92496 152
92548 159
92608 192
92660 224
92712 255
92764 312
92816 384
92868 415
92920 480
92972 536
93024 583
93080 632
93132 664
93184 704
93236 704
93288 704
93340 704
93392 664
93444 636
93496 583
93548 540
93600 496
93660 448
93712 384
93764 319
93816 271
93868 240
93920 224
93972 192
94024 192
94076 192
94128 224
94180 240
94232 127
94284 120
94336 124
94388 135
94440 192
94492 224
94544 270
94596 327
94648 398
94700 480
94760 540
94812 608
94864 647
94916 704
94968 768
95020 768
95072 768
95124 768
95176 707
95228 671
95284 632
95336 574
95388 512
95440 448
95492 385
95544 323
95596 271
95648 240
95700 192
95752 192
95812 158
95864 159
95916 192
95968 224
96020 248
96072 287
96124 352
96176 399
96228 480
96280 519
96332 575
96384 624
96440 655
96492 704
96544 704
96596 707
96648 704
96700 704
96752 647
96812 608
96864 568
96916 508
96968 448
97020 391
97072 352
97124 287
97176 255
97228 224
97280 195
97332 192
97384 192
97436 224
97488 224
97540 255
97596 304
97648 352
97700 399
97752 449
97804 508
97860 560
97916 608
97968 638
98020 655
98072 671
98124 704
98176 671
98228 655
98280 636
98332 608
98384 560
98436 510
98488 455
98540 412
98592 384
98644 319
98696 280
98752 254
98804 240
98860 224
98912 224
98964 240
99016 252
99072 280
99124 318
99176 384
99228 399
99280 448
99332 504
99384 540
99436 575
99488 608
99540 636
99592 639
99644 647
99696 639
99748 636
99800 624
99852 575
99912 542
99964 504
100016 455
100068 414
100120 384
100172 327
100224 304
100276 271
100328 255
100380 248
100436 248
100488 254
100540 263
100592 287
100644 319
100696 384
100748 399
100800 448
100852 496
100912 526
100964 568
101016 583
101068 608
101120 632
101172 632
101224 632
101276 624
101328 608
101380 572
101432 536
101484 504
101536 480
101588 448
101644 384
101696 384
101748 319
101800 295
101852 280
101904 263
101960 255
102012 271
102064 287
102116 316
102168 352
102220 384
102272 399
102324 448
102376 480
102428 510
102484 542
102536 572
102588 583
102640 608
102692 608
102744 608
102796 608
102848 575
102900 560
102960 519
103012 496
103064 455
103116 448
103168 387
103220 384
103272 327
103324 312
103376 287
103428 284
103480 280
103532 286
103584 287
103640 316
103692 334
103744 384
103796 391
103848 448
103900 455
103952 496
104008 519
104060 543
104112 568
104164 575
104216 583
104268 583
104320 575
104372 568
104424 543
104480 519
104532 496
104584 480
104636 448
104688 399
104740 384
104792 352
104844 327
104896 316
104948 480
105008 512
105060 527
105112 529
105164 527
105216 527
105268 519
105320 515
105372 512
105424 510
105476 508
105528 504
105580 504
105636 496
105688 496
105740 496
105792 496
105844 496
105896 496
105948 480
106000 480
106056 480
106108 480
106160 480
106212 480
106264 480
106316 480
106368 480
106420 480
106472 480
106524 480
106580 480
106632 480
106684 480
106736 480
106788 480
106840 480
106892 480
106944 480
106996 480
107056 480
107108 480
107160 480
107212 480
107264 480
107316 480
107368 480
107420 480
107472 480
107524 455
107576 455
107628 455
