20 415
72 384
124 318
176 271
228 248
284 224
340 224
392 224
444 224
496 240
548 255
600 304
652 352
704 391
756 448
808 504
860 542
912 579
964 624
1016 639
1068 664
1120 671
1176 668
1228 654
1284 632
1336 608
1388 560
1440 512
1496 480
1548 415
1600 384
1652 259
1704 287
1756 255
1808 248
1860 240
1912 224
1964 240
2016 254
2068 271
2120 312
2172 352
2224 387
2276 448
2336 496
2388 527
2440 572
2492 608
2544 624
2596 639
2648 639
2700 639
2752 636
2804 624
2860 579
2912 543
2964 511
3016 480
3068 448
3120 384
3172 352
3224 316
3276 287
3336 255
3388 254
3440 254
3492 255
3544 271
3596 291
3648 319
3700 384
3752 391
3804 448
3856 480
3908 512
3960 543
4012 575
4068 608
4120 624
4172 632
4224 632
4276 624
4328 608
4384 575
4436 543
4488 511
4540 480
4592 448
4644 399
4696 384
4748 332
4800 312
4852 287
4908 280
4960 271
5012 280
5064 287
5116 316
5168 327
5220 384
5272 391
5324 448
5384 480
5436 508
5488 536
5540 568
5592 575
5644 608
5696 608
5748 608
5800 608
5852 575
5904 568
5956 540
6008 510
6064 480
6116 448
6168 412
6220 384
6272 384
6324 323
6376 312
6432 295
6484 291
6536 295
6588 312
6640 319
6692 352
6744 384
6796 399
6848 448
6904 480
6956 496
7008 518
7060 543
7112 568
7164 575
7216 575
7268 583
7320 575
7372 572
7432 543
7484 521
7536 504
7588 480
7640 448
7692 414
7744 384
7796 384
7848 352
7900 319
7952 316
8004 312
8060 316
8112 319
8164 327
8216 384
8268 384
8320 399
8372 448
8424 451
8480 496
8532 510
8584 527
8636 543
8688 568
8740 572
8792 572
8844 572
8896 560
8948 542
9004 519
9056 504
9108 480
9160 448
9212 448
9264 396
9316 384
9368 384
9420 352
9480 327
9532 319
9584 319
9636 327
9688 352
9740 384
9792 384
9844 399
9896 448
9948 448
10000 480
10052 504
10104 513
10156 527
10208 543
10264 547
10316 560
10368 547
10420 543
10472 527
10528 512
10580 504
10632 480
10684 448
10736 448
10788 399
10840 384
10892 384
10944 384
11000 352
11052 352
11104 352
11156 352
11208 384
11260 384
11312 384
11364 401
11416 448
11468 448
11528 480
11580 496
11632 511
11684 524
11736 536
11788 543
11840 543
11892 543
11944 540
11996 526
12048 512
12100 504
12152 480
12208 451
12260 448
12312 415
12364 391
12416 384
12468 384
12520 384
12576 384
12628 384
12680 384
12732 384
12784 384
12836 385
12888 401
12940 448
12992 448
13048 480
13100 480
13152 504
13204 511
13256 519
13308 527
13360 527
13412 527
