20 414
72 384
128 287
180 248
232 195
288 159
340 127
392 112
444 96
496 96
548 96
600 96
652 120
704 143
756 192
808 224
860 263
912 318
964 384
1016 448
1068 480
1124 542
1180 588
1232 638
1284 671
1336 711
1388 768
1444 768
1496 775
1548 780
1600 775
1652 768
1704 768
1756 768
1808 704
1860 639
1912 608
1964 560
2016 508
2068 451
2120 399
2180 352
2232 304
2284 255
2336 224
2388 192
2440 159
2492 143
2544 127
2596 127
2652 127
2704 143
2756 192
2808 192
2860 224
2912 255
2964 312
3016 352
3068 391
3120 448
3180 504
3232 543
3284 583
3336 632
3388 655
3440 704
3492 711
3544 768
3596 768
3648 768
3700 768
3752 768
3808 704
3860 704
3912 639
3964 624
4016 575
4068 527
4120 496
4172 448
4232 387
4284 352
4336 312
4388 268
4440 248
4492 224
4544 192
4596 192
4648 192
4700 159
4752 192
4804 192
4856 199
4908 224
4964 255
5016 287
5068 319
5120 384
5172 412
5228 455
5284 504
5336 540
5388 575
5440 608
5492 639
5544 664
5596 704
5648 704
5700 704
5752 704
5804 704
5856 704
5908 668
5960 639
6012 624
6064 575
6120 543
6172 510
6224 480
6280 448
6332 384
6384 352
6440 318
6492 286
6544 255
6596 240
6648 224
6700 224
6752 198
6804 199
6856 224
6908 224
6960 240
7012 255
7064 287
7116 319
7168 384
7220 385
7280 448
7332 480
7384 508
7436 540
7488 572
7540 608
7596 624
7648 639
7700 655
7752 668
7804 671
7856 670
7908 664
7960 639
8012 636
8064 608
8116 579
8168 560
8220 519
8272 496
8332 449
8384 415
8436 384
8488 384
8540 319
8592 291
8644 271
8696 255
8752 248
8804 240
8856 240
8908 240
8960 248
9012 255
9064 271
9116 287
9168 319
9220 352
9272 384
9332 414
9384 448
9436 480
9488 510
9540 540
9592 572
9644 590
9696 608
9748 632
9800 639
9852 639
9908 639
9960 639
10012 638
10064 632
10116 608
10168 583
10220 568
10272 531
10324 508
10384 480
10436 448
10488 412
10540 384
10592 384
10644 319
10696 312
10748 286
10800 270
10852 255
10904 255
10956 255
11008 255
11064 255
11116 280
11168 291
11220 316
11272 352
11324 384
11380 391
11436 448
11488 448
11540 480
11592 510
11644 529
11696 560
11748 575
11800 591
11852 608
11904 624
11956 624
12008 624
12060 624
12112 608
12164 608
12220 575
12272 560
12324 536
12376 511
12432 480
12484 451
12540 448
12592 399
12644 384
12696 384
12748 327
12800 316
12852 295
12904 287
12956 280
13008 271
13060 271
13112 280
13164 287
13216 304
13268 318
13320 335
13376 384
13432 384
