0 0 37
4 3 0
8 9 0
13 12 0
16 15 0
20 20 0
23 23 0
28 27 0
31 30 0
35 35 0
39 38 0
42 43 0
46 46 0
50 49 0
53 53 0
58 58 0
61 61 11
65 65 39
68 70 79
73 70 126
76 76 157
80 80 185
84 80 240
88 84 271
91 88 293
96 91 316
100 96 346
103 99 388
107 103 443
111 107 491
115 119 538
118 122 604
123 125 629
126 129 702
128 134 763
132 137 804
136 141 842
139 145 861
144 149 863
147 154 865
152 157 869
155 162 864
159 166 858
163 169 857
166 174 861
170 179 863
180 183 853
184 187 853
187 191 862
192 196 867
196 201 869
200 206 866
205 210 847
209 213 826
213 217 801
217 221 759
222 225 719
226 229 697
230 234 657
234 239 613
239 241 590
242 246 573
246 230 538
251 247 493
255 254 428
259 257 385
263 261 365
268 264 323
272 268 275
275 272 238
279 276 188
285 279 144
288 283 112
293 286 80
297 291 40
301 293 22
303 296 21
309 299 23
313 301 27
317 303 30
321 306 31
324 306 33
329 309 35
332 310 47
336 311 43
340 312 38
343 313 36
347 315 33
351 316 42
356 315 65
342 317 86
356 317 120
362 318 157
365 319 191
368 320 215
372 320 257
375 321 303
379 322 338
382 322 351
386 322 373
390 322 405
393 323 468
397 324 517
401 324 556
404 324 589
407 325 632
411 325 694
415 325 729
418 325 779
421 327 805
425 327 856
429 326 882
433 327 912
436 329 915
439 328 914
443 328 912
447 329 907
450 330 904
454 330 904
457 330 906
461 330 893
464 330 883
468 331 890
472 330 897
475 331 902
478 331 900
482 332 878
486 331 848
