0 0
7 8
9 9
13 13
17 18
21 21
24 26
29 28
32 33
36 37
41 41
45 45
48 49
53 52
57 57
62 61
63 64
68 67
71 71
76 75
80 79
84 82
89 85
92 89
98 92
96 96
100 92
104 96
107 98
112 101
115 102
119 104
122 105
126 106
129 108
128 109
131 106
135 110
138 110
141 111
145 112
148 113
152 114
158 115
155 117
155 116
159 114
163 116
166 117
169 118
173 118
177 119
180 118
183 120
182 121
182 120
187 119
190 121
195 121
198 121
201 122
205 122
211 123
209 125
208 122
210 123
214 123
217 124
221 124
225 125
228 124
233 125
235 127
235 127
235 126
237 125
240 125
244 126
248 126
252 127
256 127
262 128
261 127
261 128
261 128
264 128
267 127
271 128
276 128
279 129
283 129
288 130
287 131
288 130
287 129
290 129
294 129
299 130
303 130
307 130
311 131
313 132
314 131
315 131
313 131
318 130
322 131
325 131
330 132
335 132
339 133
339 134
340 133
340 133
340 132
345 131
348 133
353 133
357 133
364 134
365 133
365 134
366 133
367 135
367 134
371 133
376 134
380 135
384 134
390 135
390 137
391 135
393 136
393 136
394 135
399 134
403 136
408 135
411 136
416 137
417 136
418 136
419 137
419 136
421 136
426 136
430 136
436 136
440 137
441 137
443 137
444 137
444 136
446 137
448 137
450 136
458 137
463 137
466 137
467 138
469 138
471 138
471 138
473 138
475 137
480 137
486 138
491 138
493 140
493 138
495 139
496 139
497 139
500 139
503 138
505 138
513 139
517 140
518 140
521 140
521 140
524 140
523 139
523 139
529 138
537 139
538 139
542 141
545 140
545 140
548 141
551 141
550 140
550 140
557 138
563 140
567 141
568 141
570 141
571 140
571 140
577 141
577 141
580 141
584 140
588 140
592 142
594 141
592 140
598 142
599 141
601 141
603 142
605 141
611 141
614 141
616 141
620 142
621 142
625 142
627 142
629 143
630 142
633 142
640 142
642 143
643 142
644 142
650 143
651 143
654 143
656 143
658 143
662 143
666 143
668 143
672 143
674 144
676 143
677 143
682 144
683 143
683 143
690 144
693 144
695 144
697 144
703 144
701 143
705 143
708 144
708 143
713 144
718 144
721 144
721 144
