0 0
4 4
9 9
13 13
17 17
21 21
24 25
30 29
33 33
37 37
41 41
46 45
47 49
52 52
56 56
61 59
65 64
68 68
73 72
77 75
81 78
85 82
85 86
90 86
94 90
97 92
101 93
105 96
108 98
111 100
116 101
117 103
117 103
122 104
125 105
128 106
132 106
136 108
139 109
142 110
146 110
146 112
146 111
150 112
155 111
158 112
160 113
164 113
167 115
171 115
173 115
173 116
175 116
178 116
182 117
185 116
189 117
192 118
196 119
200 119
200 120
198 119
202 118
206 120
210 120
213 121
216 120
221 121
225 121
225 122
226 122
226 122
230 121
233 122
237 123
240 123
244 123
248 124
251 124
252 125
252 125
253 124
257 123
260 124
264 125
268 125
272 125
276 125
278 126
278 126
279 126
280 126
284 125
288 125
291 126
294 126
300 127
304 127
304 127
304 127
305 128
306 127
311 126
315 127
319 128
323 128
327 128
329 129
330 129
331 129
332 129
334 129
338 128
342 129
346 129
350 129
354 130
356 131
357 130
358 130
359 130
361 130
364 130
370 131
373 130
378 131
380 131
381 131
383 131
384 131
384 130
388 131
392 131
396 131
401 131
406 132
407 133
407 133
409 132
410 132
411 132
415 131
419 132
424 132
426 132
431 132
433 133
434 133
435 133
436 133
438 133
442 132
447 133
451 134
456 133
458 134
459 134
461 133
462 134
464 134
465 134
469 133
474 133
480 135
483 135
484 134
486 135
487 135
489 135
490 135
492 135
497 134
502 135
507 134
508 136
510 135
512 136
513 136
516 135
517 136
520 136
525 135
529 135
533 135
535 136
537 136
538 136
540 136
542 137
544 136
547 136
552 136
557 137
559 137
561 137
563 137
565 137
567 137
569 137
571 137
574 137
580 137
583 137
585 137
587 137
589 137
591 138
593 137
596 137
597 138
602 137
607 138
609 138
611 138
614 138
616 138
618 138
621 137
623 138
624 138
629 137
633 138
636 138
638 139
641 138
642 138
645 139
647 139
649 139
652 139
657 138
659 139
662 138
665 139
667 139
669 139
672 140
674 139
676 140
679 139
683 139
686 140
688 139
690 140
693 140
695 140
698 139
701 139
703 140
706 140
709 140
712 140
715 140
717 140
719 140
723 140
