0 0
3 4
7 8
12 11
16 15
20 20
23 23
27 27
31 31
35 35
39 38
43 42
41 46
49 44
53 52
58 56
61 59
65 63
69 67
73 70
78 73
86 77
80 83
87 74
91 82
95 84
99 86
103 88
108 89
111 91
117 92
120 94
120 94
124 91
129 95
133 96
137 97
141 98
146 99
151 100
159 102
157 106
158 101
162 100
166 102
171 103
175 103
180 104
184 102
190 105
194 106
194 106
196 105
200 106
205 106
209 106
214 107
218 107
223 108
233 109
232 113
227 110
234 105
238 109
243 109
248 109
253 110
258 111
264 111
269 113
270 112
266 112
273 108
277 112
282 112
287 113
290 111
297 113
307 114
307 117
308 115
306 114
312 111
317 113
322 114
326 114
332 113
338 115
344 116
346 116
348 116
346 116
351 113
356 115
362 115
366 115
372 115
382 117
383 120
385 118
386 118
385 117
391 114
395 117
401 117
407 117
413 117
419 118
422 119
424 119
426 119
425 118
430 116
436 118
441 118
447 119
456 119
459 122
461 121
463 120
464 120
465 119
471 120
475 119
481 119
487 120
496 121
498 122
500 121
502 121
499 121
505 118
510 120
516 120
522 121
532 121
535 124
537 122
540 122
542 122
540 121
545 119
550 121
557 121
552 121
570 122
573 123
576 123
578 123
581 123
580 123
585 119
591 122
597 122
607 122
610 125
613 124
616 124
619 124
621 124
620 124
625 121
632 123
638 123
646 124
649 124
652 125
654 124
658 125
660 125
661 124
666 122
672 124
682 124
685 126
688 125
692 125
695 125
698 126
699 125
700 125
707 124
714 124
721 125
724 126
728 126
730 126
734 126
737 126
739 126
741 125
746 124
756 125
761 127
764 126
767 127
770 126
773 126
776 126
780 126
781 126
788 125
796 126
799 127
803 127
806 127
810 127
812 127
816 127
816 127
822 125
831 126
834 127
838 127
841 127
845 127
848 127
852 127
855 127
855 127
862 126
869 127
873 128
876 128
880 128
883 128
886 127
891 128
893 128
895 128
903 127
908 128
912 128
914 128
919 128
921 128
926 128
930 128
933 128
935 128
942 127
945 128
949 128
953 128
956 128
961 128
966 129
967 129
972 129
975 128
980 129
983 129
987 128
992 129
994 129
998 129
