8 240
120 177
232 127
344 88
456 62
568 49
680 56
800 71
912 112
1024 159
1136 220
1248 284
1360 352
1472 412
1584 463
1696 513
1816 551
1928 572
2040 575
2152 561
2264 536
2376 492
2488 440
2600 384
2712 316
2832 248
2944 188
3056 127
3168 92
3280 63
3392 49
3504 56
3616 71
3728 103
3848 156
3960 209
4072 271
4184 339
4296 399
4408 455
4524 510
4636 543
4748 568
4864 575
4976 568
5088 536
5204 496
5316 448
5428 385
5540 319
5652 255
5764 195
5880 135
5996 96
6108 63
6220 51
6332 51
6444 63
6556 97
6668 143
6780 199
6900 255
7012 334
7124 391
7236 451
7348 504
7460 543
7572 568
7684 575
7796 568
7916 542
8028 504
8140 449
8252 391
8364 327
8476 255
8588 199
8700 143
8812 99
8932 63
9044 56
9156 51
9268 63
9380 96
9492 135
9604 192
9720 255
9832 319
9948 385
10060 448
10172 496
10284 537
10400 568
10512 575
10624 572
10736 543
10848 511
10964 455
11080 399
11192 339
11304 271
11416 209
11528 156
11640 103
11752 71
11864 56
11984 49
12096 63
12208 92
12320 127
12432 184
12544 248
12656 312
12768 384
12880 440
13000 492
13112 536
13224 561
13336 575
13448 572
13560 551
13672 515
13784 472
13896 414
14008 352
14128 284
14240 220
14352 159
14464 112
14576 71
14688 56
14800 48
14916 60
15028 83
15144 127
15256 177
15368 240
15480 304
15596 368
15708 432
15820 483
15932 527
16044 560
16160 575
16276 575
16388 551
16500 519
16612 476
16724 415
16836 359
16948 291
17060 227
17180 167
17292 115
17404 79
17516 56
17628 48
17740 60
17852 79
17964 120
18076 167
18196 231
18308 295
18420 359
18532 423
18644 480
18756 519
18868 556
18980 575
19092 575
19212 560
19324 527
19436 480
19548 423
19660 368
19772 304
19884 240
19996 176
20112 127
20228 81
20340 60
20452 48
20564 56
20676 78
20792 112
20904 159
21016 224
21128 284
21244 353
21356 415
21472 472
21584 515
21696 551
21808 574
21920 575
22032 561
22144 536
22264 487
22376 433
22488 376
22600 312
22712 248
22824 184
22936 127
23048 88
23160 63
23280 49
23392 56
23504 71
23616 103
23728 156
23840 216
23952 275
24064 344
24176 408
24296 463
24408 512
24520 543
24632 572
24744 575
24856 568
24968 536
25080 496
25192 448
25312 384
25424 318
25536 252
25648 192
25760 135
25872 96
25984 63
26100 51
26212 51
26328 67
26440 99
26552 152
26664 206
26780 255
26892 335
27004 396
27116 455
27228 504
27344 543
27460 568
27572 575
27684 568
27796 540
27908 504
28020 449
28132 391
28244 327
28364 255
28476 195
28588 143
28700 96
28812 63
