8 207
524 225
1036 248
1556 255
2068 287
2588 312
3100 335
3616 359
4132 387
4648 415
5160 448
5680 480
6192 512
6712 543
7224 575
7740 608
8256 639
8772 670
9284 704
9804 736
10316 768
10836 792
11348 816
11864 839
12380 867
12896 896
13408 911
13928 931
14440 952
14960 967
15472 984
15988 992
16504 999
17020 1008
17532 1009
18052 1016
18564 1008
19084 999
19596 992
20112 984
20628 972
21144 960
21656 935
22176 920
22688 896
23208 876
23724 847
24236 828
24756 799
25268 769
25788 743
26300 711
26816 679
27328 639
27848 620
28360 588
28880 556
29392 526
29912 496
30424 463
30940 432
31452 403
31972 384
32484 352
33004 319
33516 295
34036 271
34548 254
35064 231
35576 216
36096 199
36608 192
37128 184
37640 176
38160 174
38672 167
39188 167
39700 176
40220 177
40732 184
41252 195
41764 207
42284 224
42796 240
43312 255
43824 280
44344 304
44856 327
45376 355
45888 384
46408 415
46920 448
47436 476
47948 508
48468 537
48980 568
49500 600
50012 632
50532 664
51044 696
51560 728
52072 768
52592 783
53104 812
53624 831
54136 864
54656 896
55168 910
55684 927
56196 952
56716 963
57228 975
57748 992
58260 999
58780 1006
59292 1009
59808 1009
60320 1008
60840 1004
61352 995
61872 988
62384 974
62904 960
63416 942
63932 924
64444 903
64964 880
65476 856
65996 831
66508 799
67028 775
67540 748
68056 718
68568 688
69088 655
69600 624
70120 591
70632 561
71148 527
71664 504
72180 472
72692 440
73212 408
73724 384
74244 352
74756 319
75272 300
75788 280
76304 255
76816 238
77336 220
77848 206
78368 192
78880 184
79396 176
79912 174
80428 167
80940 167
81460 176
81972 176
82492 184
83004 192
83520 206
84036 220
84552 238
85064 255
85584 280
86096 302
86616 319
87128 352
87644 384
88160 408
88676 440
89188 467
89708 497
90220 527
90740 561
91252 591
91768 625
92284 655
92800 696
93312 719
93832 768
94344 782
94864 807
95376 831
95892 864
96408 888
96924 908
97436 927
97956 944
98476 961
98988 975
99504 992
100020 995
100536 1004
101048 1008
101568 1016
102080 1008
102600 1004
103112 995
103628 988
104144 975
104660 960
105172 944
105692 926
106204 903
106724 888
107236 864
107752 831
108268 807
108784 782
109296 768
109816 728
110328 696
110848 664
111360 632
111876 600
112388 568
112908 536
113420 504
113940 472
114452 440
114972 412
115484 384
116000 355
116512 327
117032 304
117544 280
118064 255
118576 240
119096 224
119608 207
120124 193
120636 184
121156 176
121668 176
122188 167
122700 167
123220 174
123732 176
124248 184
124760 192
125280 199
125792 216
126312 231
126824 252
127344 271
127856 295
128372 319
128884 348
129404 376
129916 399
130436 432
130948 462
131468 494
