1.5543809056984713e-07
2.0591260281974002e-07
2.623094546523247e-07
3.129093319158123e-07
3.505652578336878e-07
3.707411495909242e-07
3.707411495909242e-07
3.524826236851967e-07
3.1385705344949633e-07
2.6601174786087926e-07
2.0985768987578226e-07
1.6007810593582121e-07
1.232233744059949e-07
3.2953907203850653e-08
1.379311422413372e-08
1.3353744793128256e-08
3.053395650746886e-08
6.714879001143654e-08
1.5658943131642057e-07
2.076631888419322e-07
2.6092336039534675e-07
3.129093319158123e-07
3.5152382565055245e-07
3.74112616734587e-07
