24 496
536 465
1052 444
1564 415
2084 398
2596 384
3116 359
3628 344
4144 327
4660 312
5176 316
5688 344
6208 368
6720 387
7240 408
7752 428
8268 448
8784 463
9300 480
9812 492
10332 476
10844 448
11364 423
11876 408
12392 384
12908 368
13424 352
13936 334
14456 319
14968 304
15488 334
16000 355
16516 384
17032 399
17548 423
18060 440
18580 455
19092 472
19612 487
20124 483
20640 455
21156 435
21672 412
22184 391
22704 369
23216 353
23736 335
24248 319
24764 312
25280 319
25796 352
26308 376
26828 391
27340 415
27860 433
28372 449
28888 467
29404 481
29920 496
30432 467
30952 448
31464 415
31984 399
32496 384
33012 359
33528 344
34044 327
34556 316
35076 312
35588 344
36108 366
36620 385
37136 408
37652 428
38168 448
38680 463
39200 480
39712 492
40232 480
40744 451
41260 428
41776 408
42292 384
42804 368
43324 352
43836 334
44356 319
44868 304
45384 327
45900 355
46416 384
46928 399
47448 419
47960 440
48480 455
48992 472
49508 487
50024 487
50540 460
51052 435
51572 414
52084 391
52604 376
53116 353
53632 335
54152 319
54664 312
55184 319
55696 348
56216 376
56728 391
57244 415
57756 432
58276 449
58788 465
59308 480
59820 496
60340 472
60852 448
61368 419
61880 399
62400 384
62912 359
63432 344
63944 327
64464 316
64976 312
65492 335
66004 364
66524 385
67036 408
67556 428
68068 448
68588 462
69100 480
69616 487
70128 480
70648 451
71160 430
71680 408
72192 385
72712 368
73224 352
73740 334
74252 319
74772 304
75284 327
75804 353
76316 384
76836 399
77348 419
77864 440
78376 455
78896 472
79408 487
79928 487
80440 462
80960 440
81472 415
81988 391
82500 376
83020 355
83532 339
84052 319
84564 312
85084 319
85596 348
86112 369
86624 391
87144 414
87656 432
88176 449
88688 463
89208 480
89720 496
90236 472
90748 448
91268 419
91780 399
92300 384
92812 359
93332 344
93844 327
94360 316
94872 312
95392 335
95904 359
96424 384
96936 408
97456 423
97968 448
98484 462
98996 476
99516 487
100028 480
100548 451
101060 432
101580 408
102092 385
102608 368
103120 352
103640 335
104152 319
104672 305
105184 327
105704 353
106216 384
106732 399
107244 415
107764 440
108276 455
108796 472
109308 483
109828 487
110340 463
110856 440
111368 415
111888 391
112400 376
112920 355
113432 339
113948 319
114464 312
114980 319
115492 345
116012 369
116524 391
117044 414
117556 432
118072 449
118588 463
119104 480
119616 496
120136 472
120648 448
121168 423
121680 399
122196 384
122712 359
123228 348
123740 327
124260 316
124772 312
125292 335
125804 359
126320 384
126836 408
127352 423
127864 448
128384 460
128904 476
129416 487
129932 480
130448 455
130964 432
131476 408
131996 387
132512 368
133024 352
133544 335
134056 319
134576 305
135088 327
135604 352
136120 384
136636 398
137148 415
137668 440
138180 455
138700 472
139212 483
139728 487
140244 463
140760 440
141272 415
141792 391
142304 384
142824 355
143336 344
143852 319
144368 312
144884 319
145396 344
145916 368
146428 391
146948 412
147460 432
147976 448
148492 463
149008 480
149520 496
150040 472
150552 448
151072 423
151584 399
152100 384
152616 364
153132 348
153644 327
154164 316
154676 312
155196 335
155708 359
156224 384
156740 408
157256 423
157768 448
158288 455
158800 476
159320 487
159832 480
160348 455
160864 432
161380 408
161892 387
162412 368
162924 352
163444 335
163956 319
164472 307
164988 319
165504 352
166016 384
166536 399
167052 415
167564 440
168084 451
168596 472
169116 483
169628 492
170148 463
170660 440
171176 415
171688 391
172208 384
172720 355
173240 344
173752 319
174272 312
174784 318
175300 344
175812 368
176332 391
176844 412
177364 432
177876 448
178396 463
178908 480
179424 496
179936 472
180456 448
180968 423
181488 399
182000 384
182520 364
183032 348
183548 327
184060 318
184580 307
185092 335
185612 359
186124 384
186644 403
187156 423
187672 448
188184 455
188704 476
189216 487
189736 481
190248 455
190768 432
191280 412
191796 387
192308 369
192828 352
193340 335
193860 319
194372 312
194892 319
195404 352
195920 384
196432 398
196952 415
197464 435
197984 451
198496 472
199016 481
199528 496
200044 463
200556 440
201076 415
201588 396
202108 384
202620 359
203140 344
203652 319
204168 312
204680 316
205200 344
205712 368
206232 387
206744 412
207264 430
207776 448
208292 463
208804 480
209324 492
209836 476
210356 448
210868 423
211388 399
211900 384
212416 368
212928 348
213448 327
213960 319
214480 305
214992 334
215508 359
216024 384
216540 399
217052 423
217572 440
218084 455
218604 476
219116 487
219632 483
220148 455
220664 433
221176 412
221696 387
222208 371
222728 352
223240 335
223756 319
224272 312
224788 319
225300 352
225820 376
226332 391
226852 415
227364 433
227880 451
228396 467
228912 481
229424 496
229944 463
230456 448
230976 415
231488 398
232004 384
232520 359
233036 344
233548 327
234068 316
234580 316
235100 344
235612 368
236128 387
236644 412
237160 432
237672 448
238192 463
238704 480
239224 492
239736 480
240252 449
240768 423
241284 408
241804 384
242316 368
242836 352
243348 334
243864 319
244380 304
244896 332
245408 355
245928 384
246440 399
246960 423
247472 440
247988 455
248504 472
249020 487
249532 483
250052 455
250564 433
251084 412
251596 391
252112 371
252628 353
253144 335
253656 319
254176 312
254688 319
255208 352
255720 376
256236 391
256748 415
257268 433
257780 451
258300 467
258812 481
259332 496
259844 472
260360 448
260872 415
261392 398
261904 384
262424 359
262936 344
263456 327
