24 483
536 455
1056 433
1568 412
2084 391
2600 376
3116 353
3628 335
4148 319
4660 319
5180 348
5692 369
6208 391
6724 414
7240 432
7752 448
8272 463
8788 480
9300 472
9820 448
10332 423
10852 399
11364 384
11884 364
12396 348
12912 327
13424 316
13944 334
14456 355
14976 384
15488 399
16008 419
16520 440
17036 455
17548 472
18068 487
18580 463
19100 440
19612 415
20132 391
20644 376
21160 355
21672 339
22192 319
22704 318
23224 344
23736 368
24252 391
24768 412
25284 432
25796 448
26316 463
26828 480
27348 480
27860 449
28376 423
28892 408
29408 384
29920 368
30440 352
30952 334
31472 319
31984 327
32500 353
33016 384
33532 399
34044 415
34564 440
35076 455
35596 472
36108 483
36624 463
37140 440
37656 415
38168 398
38688 384
39200 359
39720 344
40232 319
40748 316
41264 344
41780 368
42292 385
42812 408
43324 428
43844 448
44356 463
44872 480
45388 480
45904 451
46416 430
46936 408
47448 385
47968 368
48480 352
48996 335
49512 319
50028 319
50540 352
51060 384
51572 398
52092 415
52604 435
53120 451
53636 472
54152 483
54664 472
55184 448
55696 415
56216 399
56728 384
57244 359
57760 344
58276 327
58788 316
59308 335
59820 359
60340 384
60852 408
61368 423
61884 448
62400 462
62912 480
63432 481
63944 455
64464 432
64976 412
65492 387
66008 369
66524 352
67036 335
67556 319
68068 319
68588 352
69100 376
69616 391
70132 415
70648 433
71160 451
71680 465
72192 480
72712 472
73224 448
73740 423
74256 399
74772 384
75284 359
75804 344
76316 327
76836 316
77348 335
77864 359
78380 384
78896 403
79408 423
79928 441
80440 455
80960 476
81472 487
81988 455
82504 433
83020 414
83540 391
84052 376
84572 353
85084 335
85600 319
86112 319
86632 348
87144 368
87664 391
88176 414
88696 432
89208 449
89724 463
90236 480
90756 476
91268 448
91788 423
92300 399
92820 384
93332 366
93848 352
94360 327
94880 318
95392 327
95912 355
96424 384
96944 399
97456 419
97972 440
98484 455
99004 472
99516 487
100036 463
100548 440
101068 415
101580 391
102096 376
102608 355
103128 339
103640 319
104160 318
104672 344
105192 368
105704 391
106220 412
106732 432
107252 448
107764 463
108284 480
108796 480
109316 449
109828 428
110344 408
110856 384
111376 368
111888 352
112408 334
112920 319
113440 327
113952 353
114468 384
114980 399
115500 415
116012 440
116532 455
117044 472
117564 483
118076 463
118592 440
119104 415
119624 396
120136 384
120656 359
121168 344
121688 319
122200 312
122716 339
123228 368
123748 387
124260 408
124780 428
125292 448
125812 463
126324 480
126840 480
127352 455
127872 432
128384 408
128904 387
129416 368
129936 352
130448 335
130964 319
131476 319
131996 352
132508 376
133024 398
133536 415
134056 435
134568 451
135088 472
135600 481
136116 472
136628 448
137148 419
137660 399
138180 384
138692 359
139212 344
139724 327
140240 316
140752 335
141272 359
141784 384
142304 408
142816 423
143336 448
143848 455
144364 476
144876 483
145396 455
145908 432
146428 412
146940 391
147460 371
147972 352
148488 335
149000 319
149520 319
150032 348
150552 371
151068 391
151580 415
152100 432
152612 449
153132 465
153644 480
154160 472
154676 448
155192 423
155704 399
156224 384
156736 359
157256 348
157768 327
158284 318
158800 334
159316 359
159828 384
160348 399
160860 423
161380 440
161892 455
162408 472
162924 487
163440 462
163952 440
164472 415
164984 391
165504 376
166016 355
166532 335
167048 319
167564 319
168076 344
168596 368
169108 391
169628 412
170140 432
170656 448
171172 463
171688 480
172200 480
172720 449
173232 423
173752 408
174264 384
174780 368
175296 352
175812 334
176324 319
176844 327
177356 355
177876 384
178388 399
178904 415
179420 440
179936 455
180448 472
180968 483
181480 463
182000 440
182512 415
183028 391
183544 384
184060 355
184572 344
185092 319
185604 316
186124 344
186636 368
187152 387
187668 408
188184 430
188696 448
189216 463
189728 480
190248 480
190760 451
191276 430
191792 408
192308 385
192820 368
193340 352
193852 335
194372 319
194884 327
195400 352
195916 384
196432 398
196944 415
197464 440
197976 451
198496 472
199008 483
199524 465
200040 448
200556 415
201068 398
201588 384
202100 359
202620 344
203132 327
203648 312
204164 335
204680 359
205192 384
205712 408
206224 423
206744 448
207256 462
207772 476
208284 481
208804 455
209316 432
209836 408
210348 387
210868 368
211380 352
211896 335
212408 319
212928 319
213440 352
213960 376
214472 391
214992 415
215504 433
216020 451
216532 463
217052 481
217564 472
218084 448
218596 419
219116 399
219628 384
220144 359
220656 344
221176 327
221688 316
222208 335
222720 359
223240 384
223752 403
224268 423
224780 448
225300 455
225820 476
226332 483
226852 455
227364 433
227880 412
228392 391
228912 376
229424 353
229944 335
230456 319
230976 319
231488 348
232004 369
232516 391
233036 414
233548 432
234068 449
234580 463
235100 480
235612 472
236128 448
236640 423
237160 399
237672 384
238192 364
238704 348
239224 327
239736 318
240252 332
240764 355
241284 384
241796 399
242316 423
242828 440
243348 455
243860 472
244376 487
244888 463
245408 440
245920 415
246440 391
246952 376
247472 355
247984 339
248500 319
249012 318
249532 344
250044 368
250564 391
251076 412
251592 432
252108 448
252624 463
253136 480
253656 480
254168 449
254688 428
255200 408
255716 384
256232 368
256748 352
257260 334
257780 319
258292 327
258812 353
259324 384
259840 399
260356 415
260872 440
261384 455
261904 472
262416 483
262936 463
263448 440
