24 480
544 451
1056 430
1572 408
2084 385
2604 368
3116 352
3636 335
4148 319
4668 345
5180 368
5696 391
6208 414
6728 432
7240 448
7760 463
8272 480
8792 455
9304 432
9820 408
10332 387
10852 368
11364 352
11884 335
12396 319
12916 344
13428 368
13944 387
14456 412
14976 432
15488 448
16008 463
16520 480
17040 455
17552 433
18068 412
18580 391
19100 371
19612 353
20132 335
20644 319
21164 339
21676 366
22192 385
22704 408
23224 423
23736 448
24256 462
24768 480
25288 462
25800 440
26316 415
26828 391
27348 376
27860 353
28380 339
28892 319
29412 335
29924 359
30440 384
30952 408
31472 423
31984 448
32504 462
33016 476
33536 463
34048 440
34564 415
35076 391
35596 384
36108 355
36628 344
37140 319
37660 335
38172 359
38688 384
39200 399
39720 423
40232 440
40752 455
41264 472
41784 463
42296 440
42812 415
43324 398
43844 384
44356 359
44876 344
45388 327
45908 327
46420 355
46936 384
47448 399
47968 419
48480 440
49000 455
49512 472
50032 472
50544 448
51060 419
51572 399
52092 384
52604 359
53124 344
53636 327
54156 327
54668 353
55184 384
55696 399
56216 415
56728 440
57248 455
57760 472
58280 472
58796 448
59308 423
59828 399
60340 384
60860 359
61372 348
61888 327
62404 319
62920 352
63432 384
63952 398
64464 415
64984 440
65496 451
66012 472
66528 476
67044 448
67556 423
68076 408
68588 384
69108 368
69620 352
70136 332
70652 319
71168 352
71680 376
72200 391
72712 415
73232 433
73744 451
74260 467
74776 480
75292 451
75804 428
76324 408
76836 385
77356 368
77868 352
78384 335
78900 319
79416 344
79928 369
80448 391
80960 414
81480 432
81992 448
82508 463
83024 480
83540 455
84052 432
84572 408
85084 387
85604 368
86116 352
86632 335
87148 319
87664 344
88176 368
88696 387
89208 412
89728 432
90240 448
90756 463
91272 480
91788 455
92300 433
92820 412
93332 387
93852 369
94364 352
94880 335
95396 319
95912 344
96424 368
96944 387
97456 408
97976 428
98488 448
99004 463
99520 480
100036 460
100548 433
101068 414
101580 391
102100 376
102612 355
103128 339
103640 319
104160 335
104672 359
105192 384
105704 408
106224 423
106736 448
107252 462
107764 476
108284 463
108796 440
109316 415
109828 391
110348 384
110860 355
111376 344
111888 319
112408 335
112920 359
113440 384
113952 408
114472 423
114984 448
115500 455
116012 476
116532 463
117044 441
117564 415
118076 396
118596 384
119108 359
119624 344
120136 327
120656 334
121168 355
121688 384
122200 399
122720 419
123232 440
123748 455
124260 472
124780 472
125292 448
125812 415
126324 399
126844 384
127356 359
127872 344
128384 327
128904 327
129416 353
129936 384
130448 399
130968 415
131480 440
131996 455
132516 472
133028 472
133548 448
134060 423
134576 399
135088 384
135608 359
136120 348
136640 327
137152 319
137672 352
138184 384
138700 398
139212 415
139732 440
140244 451
140764 472
141276 476
141796 448
142308 423
142824 403
143336 384
143856 364
144368 352
144888 332
145400 319
145920 352
146432 376
146948 391
147460 415
147980 433
148492 451
149012 467
149524 480
150044 451
150556 428
151072 408
151584 385
152104 368
152616 352
153136 335
153648 319
154168 348
154680 369
155196 391
155708 414
156228 432
156740 448
157260 463
157772 480
158288 455
158804 432
159320 408
159832 387
160352 368
160864 352
161384 335
161896 319
162412 344
162928 368
163444 387
163956 412
164476 432
164988 448
165508 463
166020 480
166536 455
167052 433
167568 412
168080 391
168600 369
169112 352
169632 335
170144 319
170660 344
171176 368
171692 387
172204 408
172724 428
173236 448
173756 463
174268 480
174784 460
175300 435
175816 414
176328 391
176848 376
177360 355
177880 335
178392 319
178908 335
179424 359
179940 384
180452 408
180972 423
181484 448
182004 460
182516 480
183032 463
183548 440
184064 415
184576 391
185096 384
185608 355
186128 344
186640 319
187160 335
187676 359
188188 384
188708 408
189220 423
189740 448
190252 455
190768 476
191284 463
191800 440
192312 415
192832 396
193344 384
193864 359
194376 344
194892 327
195408 332
195924 359
196436 384
196956 399
197468 419
197988 440
198500 455
199016 472
199528 472
200048 448
200560 415
201080 399
201592 384
202112 359
202624 344
203140 327
203652 327
204172 353
204684 384
205204 399
205716 415
206236 440
206748 455
207264 472
207776 472
208296 448
208808 423
209328 399
209840 384
210360 359
210872 348
211388 327
211900 327
212420 352
212932 384
213452 398
213964 415
214484 440
214996 451
215512 472
216024 476
216544 448
217056 423
217576 401
218088 384
218608 368
219120 348
219636 327
220148 319
220668 352
221180 376
221700 391
222212 415
222732 433
223244 451
223760 467
224272 480
224792 451
225304 430
225824 408
226336 384
226856 368
227368 352
227884 335
228396 319
228916 348
229428 369
229948 391
230460 414
230980 432
231492 449
232008 463
232520 480
233040 455
233552 432
234072 408
234584 387
235104 368
235616 352
236132 335
236644 319
237164 344
237676 368
238196 391
238708 412
239228 432
239740 448
240256 463
240768 480
241288 455
241800 432
242320 412
242832 391
243352 369
243864 352
244380 335
244892 319
245412 344
245924 368
246444 387
246956 408
247476 430
247988 448
248504 463
249016 480
249536 460
250048 435
250568 414
251080 391
251600 376
252112 353
252628 335
253140 319
253660 335
254172 359
254692 385
255204 408
255724 423
256236 448
256752 462
257264 480
257784 463
258296 440
258816 415
259328 391
259848 376
260360 355
260876 344
261388 319
261908 335
262428 359
262940 384
263456 408
