24 472
536 448
1056 423
1568 399
2084 384
2596 364
3116 348
3628 327
4148 344
4660 368
5176 387
5692 408
6208 428
6720 448
7240 463
7752 472
8272 448
8784 419
9300 399
9816 384
10332 359
10844 344
11364 327
11876 344
12396 368
12908 387
13424 412
13940 432
14456 448
14968 463
15488 472
16000 448
16520 415
17032 399
17548 384
18064 359
18580 344
19092 327
19612 348
20124 369
20640 391
21152 414
21672 432
22188 448
22700 463
23220 463
23732 440
24252 415
24764 398
25280 384
25792 359
26312 344
26824 327
27344 348
27856 371
28376 391
28888 415
29404 432
29916 449
30436 463
30948 463
31468 440
31980 415
32500 391
33012 384
33528 355
34040 344
34560 319
35072 352
35592 376
36104 396
36624 415
37136 433
37652 451
38164 472
38684 462
39196 440
39716 414
40228 391
40748 376
41260 355
41776 337
42288 327
42808 352
43320 384
43840 398
44352 415
44872 440
45384 451
45900 472
46412 455
46932 432
47444 412
47964 391
48476 369
48996 353
49508 335
50024 327
50536 355
51056 384
51568 399
52088 419
52600 440
53120 455
53632 472
54148 455
54660 432
55180 408
55692 387
56212 369
56724 352
57244 335
57756 334
58272 355
58784 384
59304 399
59816 419
60336 440
60848 455
61368 472
61880 451
62396 430
62908 408
63428 385
63940 368
64460 352
64972 335
65492 335
66004 359
66520 384
67032 403
67552 423
68064 448
68584 455
69096 476
69616 449
70128 423
70644 408
71156 384
71676 368
72188 352
72708 334
73220 335
73740 359
74252 384
74768 408
75280 423
75800 448
76312 462
76832 476
77344 448
77864 423
78376 399
78892 384
79404 366
79924 348
80436 327
80956 344
81468 366
81988 385
82500 408
83016 423
83528 448
84048 462
84560 472
85080 448
85592 423
86112 399
86624 384
87140 359
87652 348
88172 327
88684 344
89204 368
89716 387
90236 412
90748 432
91264 448
91776 463
92296 472
92808 448
93328 419
93840 399
94360 384
94872 359
95388 344
95900 327
96420 344
96940 368
97452 391
97968 414
98484 432
99000 448
99512 463
100032 463
100544 440
101064 415
101576 398
102092 384
102608 359
103124 344
103636 327
104156 352
104668 371
105188 391
105700 415
106216 432
106732 449
107248 463
107760 463
108280 440
108792 415
109312 391
109824 384
110340 355
110856 344
111372 319
111884 352
112404 376
112916 396
113436 415
113948 433
114464 451
114980 467
115496 462
116008 440
116528 414
117040 391
117560 376
118072 355
118588 339
119104 327
119620 352
120132 384
120652 399
121164 415
121684 440
122196 455
122712 472
123228 455
123744 433
124256 412
124776 391
125288 376
125808 353
126320 335
126836 327
127352 353
127868 384
128380 399
128900 415
129412 440
129932 455
130444 472
130960 455
131476 432
131992 412
132512 387
133024 369
133540 352
134052 335
134572 327
135084 355
135604 384
136116 399
136636 419
137148 440
137664 455
138176 472
138696 455
139208 432
139728 408
140240 387
140760 368
141272 352
141788 335
142300 335
142820 359
143332 384
143852 399
144364 423
144884 440
145396 455
145912 472
146424 451
146944 428
147456 408
147976 384
148488 368
149008 352
149520 335
150036 335
150548 359
151068 384
151580 408
152100 423
152612 448
153132 460
153644 476
154160 449
154672 423
155192 403
155704 384
156224 368
156736 352
157256 332
157768 335
158284 364
158796 385
159316 408
159828 423
160348 448
160860 462
161380 472
161892 448
162408 423
162920 399
163440 384
163952 359
164472 348
164984 327
165500 344
166016 368
166532 387
167044 408
167564 428
168076 448
168596 463
169108 472
169624 448
170140 419
170656 399
171168 384
171688 359
172200 344
172720 327
173232 344
173748 368
174264 391
174780 412
175292 432
175812 448
176324 463
176844 467
177356 448
177872 415
178388 399
178904 384
179416 359
179936 344
180448 327
180968 348
181480 369
181996 391
182512 414
183028 432
183540 448
184060 463
184572 463
185092 440
185604 415
186120 396
186636 384
187152 359
187664 344
188184 319
188696 352
189216 376
189728 391
190244 415
190760 433
191276 451
191788 465
192308 463
192820 440
193340 415
193852 391
194368 384
194884 355
195400 344
195912 319
196432 352
196944 376
197464 398
197976 415
198492 440
199008 451
199524 472
200036 455
200556 435
201068 414
201588 391
202100 376
202616 353
203128 335
203648 327
204164 352
204676 384
205196 399
205708 415
206228 440
206740 455
207256 472
207772 455
208288 432
208800 412
209320 391
209832 369
210352 352
210864 335
211380 327
211896 353
212412 384
212924 399
213444 419
213956 440
214476 455
214988 472
215504 455
216020 432
216536 408
217048 387
217568 369
218080 352
218600 335
219112 334
219628 359
220144 384
220660 399
221172 423
221692 440
222204 455
222724 472
223236 451
223752 428
224268 408
224784 385
225296 368
225816 352
226328 335
226848 335
227360 359
227876 384
228392 408
228908 423
229420 448
229940 455
230452 476
230972 449
231484 423
232000 408
232516 384
233032 368
233544 352
234064 334
234576 335
235096 359
235608 384
236124 408
236640 423
237156 448
237668 462
238188 472
238700 448
239220 423
239732 399
240248 384
240764 364
241280 348
241792 327
242312 344
242824 368
243344 387
243856 408
244372 428
244888 448
245404 463
245916 472
246436 448
246948 423
247468 399
247980 384
248496 359
249012 344
249528 327
250040 344
250560 368
251072 387
251592 412
252104 432
252620 448
253136 463
253652 472
254164 448
254684 415
255196 399
255716 384
256228 359
256744 344
257260 327
257776 344
258288 368
258808 391
259320 412
259840 432
260352 448
260868 463
261384 463
261900 440
262412 415
262932 398
263444 384
