24 472
536 448
1052 415
1568 399
2084 384
2596 359
3116 344
3628 335
4148 359
4660 384
5176 403
5688 423
6208 440
6720 455
7240 463
7752 440
8272 415
8784 391
9300 376
9812 355
10332 339
10844 339
11364 368
11876 385
12396 408
12908 428
13424 448
13936 462
14456 455
14968 432
15488 409
16000 387
16520 369
17032 352
17548 335
18060 348
18580 369
19092 391
19612 414
20124 432
20644 448
21156 463
21672 451
22184 428
22704 408
23216 384
23736 368
24248 352
24768 334
25280 352
25796 384
26308 398
26828 415
27340 435
27860 451
28372 472
28892 448
29404 423
29920 399
30432 384
30952 359
31464 348
31984 327
32496 355
33016 384
33528 399
34044 419
34556 440
35076 455
35588 463
36108 440
36620 415
37140 398
37656 384
38168 359
38688 344
39200 335
39720 359
40232 384
40748 408
41264 423
41780 448
42292 460
42812 460
43324 435
43844 414
44356 391
44872 376
45388 355
45904 335
46416 344
46936 368
47448 387
47968 412
48480 432
48996 448
49512 463
50028 455
50540 432
51060 408
51572 387
52092 368
52604 352
53120 335
53636 352
54152 376
54664 391
55184 415
55696 432
56216 449
56728 465
57244 448
57760 423
58276 403
58788 384
59308 368
59820 348
60340 334
60852 352
61368 384
61884 399
62400 415
62912 440
63432 455
63944 472
64464 448
64976 419
65492 399
66008 384
66524 359
67036 344
67556 335
68068 355
68588 384
69100 403
69616 423
70132 440
70648 455
71160 463
71680 440
72192 415
72712 391
73224 384
73740 355
74256 344
74772 335
75284 359
75804 385
76316 408
76836 423
77348 448
77864 462
78380 455
78896 432
79408 412
79928 391
80440 369
80960 352
81472 335
81988 344
82504 368
83020 391
83532 412
84052 432
84564 448
85084 463
85596 451
86112 430
86628 408
87144 385
87656 368
88176 352
88688 335
89208 352
89720 376
90236 391
90752 415
91268 433
91780 451
92300 472
92812 448
93332 423
93844 399
94360 384
94876 364
95392 348
95904 327
96424 353
96936 384
97456 399
97968 415
98484 440
99000 455
99516 465
100028 448
100548 415
101060 398
101580 384
102092 359
102608 344
103124 335
103640 359
104152 384
104672 408
105184 423
105704 448
106216 455
106732 462
107244 440
107764 415
108276 391
108796 376
109308 355
109828 339
110340 344
110856 368
111368 387
111888 408
112408 428
112920 448
113440 463
113952 455
114468 432
114980 408
115500 387
116012 369
116532 352
117044 335
117564 348
118076 369
118592 391
119104 414
119624 432
120136 449
120656 463
121168 449
121688 423
122200 408
122716 384
123228 368
123748 352
124260 334
124780 352
125292 384
125812 398
126324 415
126840 440
127352 451
127872 472
128384 448
128904 419
129416 399
129936 384
130448 359
130964 344
131476 332
131992 355
132504 384
133024 399
133536 419
134056 440
134568 455
135084 463
135596 440
136116 415
136628 398
137148 384
137660 359
138180 344
138692 335
139208 359
139720 384
140240 408
140752 423
141272 448
141784 455
142304 462
142816 440
143332 414
143844 391
144364 376
144876 355
145396 339
145908 344
146428 368
146940 387
147456 409
147968 430
148488 448
149000 463
149520 455
150032 432
150552 408
151064 387
151580 368
152092 352
152612 335
153124 348
153644 369
154156 391
154676 414
155188 432
155704 449
156216 463
156736 448
157248 423
157768 408
158280 384
158800 368
159312 352
159828 334
160340 352
160860 384
161372 398
161892 415
162404 440
162924 455
163436 472
163952 448
164464 423
164984 399
165496 384
166016 359
166528 344
167048 334
167560 355
168076 384
168588 399
169108 423
169620 440
170140 455
170652 463
171172 440
171684 415
172200 391
172712 384
173232 355
173744 344
174264 335
174776 359
175296 384
175808 408
176324 423
176836 448
177356 460
177868 455
178388 433
178900 412
179420 391
179932 376
180448 353
180960 335
181480 344
181992 368
182512 387
183024 412
183544 432
184056 448
184572 463
185084 451
185604 432
186116 408
186636 385
187148 368
187668 352
188180 335
188696 352
189208 376
189728 391
190240 415
190760 433
191272 451
191792 467
192304 448
192820 423
193332 399
193852 384
194368 366
194880 348
195400 332
195912 353
196432 384
196944 399
197460 415
197972 440
198492 455
199004 467
199524 448
200036 415
200556 399
201068 384
201584 359
202096 344
202616 335
203128 359
203648 384
204160 403
204680 423
205192 440
205708 455
206220 463
206740 440
207252 415
207772 391
208284 384
208804 355
209316 344
209832 344
210344 366
210864 387
211376 408
211896 428
212408 448
212928 463
213440 455
213956 432
214468 412
214988 387
215500 369
216020 352
216532 335
217052 348
217564 369
218080 391
218592 414
219112 432
219624 448
220144 463
220656 451
221176 428
221688 408
222204 385
222716 368
223236 352
223748 335
224268 352
224780 384
225300 398
225812 415
226328 435
226840 451
227360 472
227872 448
228392 423
228904 399
229424 384
229936 359
230452 348
230964 327
231484 355
231996 384
232516 399
233028 419
233548 440
234060 455
234576 463
235088 440
235608 415
236120 398
236640 384
237152 359
237672 344
238184 335
238700 359
239212 384
239732 408
240244 423
240764 448
241276 460
241796 462
242308 435
242824 414
243336 391
243856 376
244368 355
244888 335
245400 344
245920 368
246432 387
246948 412
247460 430
247980 448
248492 463
249012 455
249524 432
250040 408
250556 387
251072 368
251584 352
252104 335
252616 348
253136 371
253648 391
254164 415
254680 432
255196 449
255708 463
256228 449
256740 423
257260 408
257772 384
258288 368
258804 352
259320 334
259832 352
260352 384
260864 398
261384 415
261896 440
262412 455
262928 472
263444 448
