24 463
536 440
1056 415
1576 391
2088 384
2608 355
3120 344
3636 352
4148 376
4668 396
5180 415
5700 433
6212 451
6732 460
7244 435
7760 414
8272 391
8792 376
9304 353
9824 335
10336 352
10856 384
11368 399
11884 415
12396 440
12916 455
13428 455
13948 432
14460 412
14980 387
15492 369
16008 352
16520 335
17040 355
17552 384
18072 399
18584 419
19100 440
19616 455
20132 451
20644 432
21164 408
21676 385
22196 368
22708 352
23224 335
23740 359
24256 384
24768 408
25288 423
25800 448
26320 455
26832 449
27348 423
27864 408
28380 384
28892 368
29412 352
29924 335
30444 359
30956 384
31472 408
31988 423
32504 448
33016 462
33536 448
34048 423
34568 399
35080 384
35596 359
36112 348
36628 344
37140 368
37660 387
38172 412
38692 432
39204 448
39720 463
40236 448
40752 419
41264 399
41784 384
42296 359
42816 344
43328 344
43844 369
44360 391
44876 414
45388 432
45908 448
46420 463
46940 440
47452 415
47968 396
48484 384
49000 359
49512 344
50032 352
50544 376
51064 391
51576 415
52092 433
52608 449
53124 463
53636 440
54156 415
54668 391
55188 384
55700 355
56216 344
56732 352
57248 384
57760 398
58280 415
58792 440
59312 451
59824 455
60340 433
60856 412
61372 391
61884 376
62404 353
62916 335
63436 353
63948 384
64464 399
64980 415
65496 440
66008 455
66528 455
67040 432
67560 408
68072 387
68588 368
69104 352
69620 335
70132 355
70652 384
71164 399
71684 423
72196 440
72712 455
73228 451
73744 428
74256 408
74776 385
75288 368
75804 352
76316 335
76836 359
77352 384
77864 408
78384 423
78896 448
79416 460
79928 448
80444 423
80960 403
81476 384
81988 366
82508 348
83020 344
83540 366
84052 385
84568 408
85084 423
85600 448
86112 462
86632 448
87144 423
87664 399
88176 384
88692 359
89208 348
89724 344
90236 368
90756 391
91268 412
91788 432
92300 448
92816 463
93332 448
93848 415
94360 399
94880 384
95392 359
95912 344
96424 348
96940 369
97456 391
97972 414
98484 432
99004 449
99516 463
100036 440
100548 415
101064 391
101580 384
102096 359
102608 344
103128 352
103640 376
104160 391
104672 415
105188 433
105700 451
106220 462
106732 440
107252 414
107764 391
108284 376
108796 353
109312 339
109824 352
110344 384
110856 399
111376 415
111888 440
112408 455
112920 455
113436 432
113948 412
114468 387
114980 369
115500 352
116012 335
116532 355
117044 384
117560 399
118072 419
118592 440
119104 455
119624 455
120136 432
120656 408
121168 385
121684 368
122196 352
122716 335
123228 359
123748 384
124260 403
124780 423
125292 441
125808 455
126320 449
126840 423
127352 408
127872 384
128384 368
128904 352
129416 335
129932 359
130444 384
130964 408
131476 423
131996 448
132512 462
133024 448
133544 423
134056 399
134576 384
135088 364
135604 348
136120 344
136636 368
137148 387
137668 409
138180 430
138700 448
139212 463
139728 448
140244 419
140760 399
141272 384
141792 359
142304 344
142824 344
143336 368
143852 391
144368 412
144884 432
145396 448
145916 463
146428 440
146948 415
147460 396
147976 384
148492 359
149008 344
149520 352
150040 376
150552 391
151072 415
151584 433
152100 451
152616 463
153132 440
153644 415
154164 391
154676 376
155196 355
155708 344
156224 352
156740 384
157256 398
157768 415
158288 440
158800 451
159320 455
159832 433
160348 412
160864 391
161380 371
161892 353
162412 335
162924 353
163444 384
163956 399
164472 415
164984 440
165504 455
166016 455
166536 432
167048 408
167568 387
168080 368
168596 352
169108 335
169628 359
170140 384
170660 399
171172 423
171692 440
172204 455
172720 451
173232 430
173752 408
174264 384
174784 368
175300 352
175812 335
176332 359
176844 384
177364 408
177876 423
178392 448
178908 460
179424 448
179936 423
180456 399
180968 384
181488 366
182000 352
182516 344
183032 366
183548 385
184060 408
184580 428
185092 448
185612 463
186124 448
186640 423
187156 399
187672 384
188184 359
188704 345
189216 344
189736 368
190248 387
190764 412
191280 430
191796 448
192308 463
192828 448
193340 415
193860 399
194372 384
194888 359
195404 344
195920 348
196432 369
196952 391
197464 415
197984 432
198496 448
199012 463
199528 440
200044 415
200556 391
201076 384
201588 359
202108 344
202620 352
203136 376
203652 391
204168 415
204680 433
205200 451
205712 462
206232 440
206744 414
207260 391
207776 376
208292 355
208804 335
209324 352
209836 384
210356 399
210868 415
211384 440
211900 455
212416 455
212928 432
213448 412
213960 387
214480 369
214992 352
215508 335
216024 355
216540 384
217052 399
217572 419
218084 440
218604 455
219116 455
219632 432
220148 408
220664 385
221176 368
221696 352
222208 335
222728 359
223240 384
223756 403
224272 423
224788 441
225300 455
225820 449
226332 423
226852 408
227364 384
227880 368
228396 352
228912 335
229424 359
229944 384
230456 408
230976 423
231488 448
232004 462
232520 448
233036 423
233548 399
234068 384
234580 364
235100 348
235612 344
236128 368
236644 387
237160 408
237672 430
238192 448
238704 463
239224 448
239736 419
240252 399
240768 384
241284 359
241796 344
242316 344
242828 368
243348 391
243860 412
244376 432
244892 448
245408 463
245920 441
246440 415
246952 398
247472 384
247984 359
248500 344
249012 352
249532 376
250052 391
250564 415
251084 432
251596 449
252112 463
252624 440
253144 415
253656 391
254176 384
254688 355
255208 344
255720 352
256236 384
256748 398
257268 415
257780 440
258300 451
258812 455
259332 433
259844 414
260360 391
260872 376
261392 353
261904 335
262424 353
262936 384
263456 399
