24 639
536 608
1052 572
1564 540
2084 510
2596 480
3116 451
3628 432
4148 408
4664 385
5176 368
5696 352
6208 335
6728 319
7240 305
7756 291
8272 284
8788 271
9300 255
9820 254
10332 243
10852 231
11364 227
11880 224
12396 216
12912 207
13424 206
13944 199
14456 195
14976 192
15488 192
16004 184
16520 184
17036 177
17548 176
18068 172
18580 167
19100 167
19612 163
20128 163
20640 159
21160 159
21672 159
22192 159
22704 158
23224 156
23736 156
24252 156
24764 152
25284 184
25796 220
26316 254
26828 286
27348 312
27860 339
28376 364
28888 385
29408 408
29920 423
30440 448
30952 463
31472 480
31984 487
32500 504
33012 515
33532 527
34044 537
34564 543
35076 556
35596 568
36108 572
36624 575
37136 583
37656 591
38168 600
38688 600
39200 608
39720 608
40232 615
40748 615
41260 622
41780 624
42292 625
42812 632
43324 632
43844 636
44356 636
44872 638
45384 639
45904 639
46416 639
46936 639
47448 639
47968 639
48480 639
48996 639
49508 639
50028 620
50540 575
51060 547
51572 515
52092 487
52604 462
53120 440
53632 415
54152 391
54664 376
55184 355
55696 339
56216 319
56728 312
57244 295
57756 287
58276 271
58788 255
59308 255
59820 248
60340 240
60852 231
61368 224
61880 220
62400 211
62912 207
63432 199
63944 195
64464 192
64976 192
65492 184
66004 184
66524 177
67036 176
67556 176
68068 167
68588 167
69100 167
69616 163
70128 159
70648 159
71160 159
71680 159
72192 158
72712 156
73224 156
73740 156
74252 152
74772 167
75284 207
75804 241
76316 271
76836 304
77348 334
77864 355
78376 384
78896 399
79416 419
79928 440
80444 455
80960 472
81476 487
81988 504
82508 512
83020 526
83540 536
84052 543
84568 551
85084 560
85600 568
86112 575
86632 575
87144 588
87664 591
88176 600
88692 608
89208 608
89724 611
90236 615
90756 620
91268 624
91788 624
92300 632
92816 632
93332 632
93848 636
94360 638
94880 639
95392 639
95912 639
96424 639
96940 639
97456 639
97972 639
98484 639
99004 639
99516 632
100036 591
100548 560
101064 527
101580 496
102096 472
102608 448
103128 419
103640 399
104160 384
104672 359
105188 344
105704 327
106220 316
106732 304
107252 287
107764 280
108284 255
108796 255
109312 248
109828 240
110344 231
110856 224
111376 220
111888 216
112408 207
112920 199
113436 199
113952 193
114468 192
114980 188
115500 184
116012 177
116532 176
117044 176
117560 167
118076 167
118592 167
119104 163
119624 159
120136 159
120656 159
121168 159
121684 159
122200 158
122716 156
123228 156
123748 152
124260 159
124780 195
125292 231
125808 255
126324 295
126840 319
127352 352
127872 376
128384 391
128904 415
129416 433
129932 451
130448 467
130964 481
131476 496
131992 510
132504 519
133024 527
133536 542
134056 551
134568 560
135084 568
135596 575
136116 575
136628 583
137148 591
137660 600
138180 604
138692 608
139208 609
139720 615
140240 615
140752 624
141272 624
141784 625
142304 632
142816 632
143332 636
143844 636
144364 639
144876 639
145396 639
145908 639
146428 639
146940 639
147456 639
147968 639
148488 639
149000 639
149520 608
150032 572
150552 537
151064 508
151580 480
152092 451
152612 428
153124 408
153644 385
154156 368
154676 352
155188 334
155704 319
156216 304
156736 291
157248 280
157768 271
158280 255
158800 252
159312 243
159828 231
160340 227
160860 224
161372 216
161892 207
162404 206
162920 199
163436 195
163952 192
164464 192
164984 184
165496 184
166016 177
166528 176
167044 172
167560 167
168076 167
168588 163
169108 163
169628 159
170140 159
170656 159
171172 159
171688 156
172200 156
172720 156
173232 156
173752 152
174264 184
174780 224
175296 255
175812 287
176324 316
176844 344
177356 368
177876 387
178388 408
178904 430
179420 448
179936 463
180448 480
180968 492
181480 504
182000 515
182512 527
183028 540
183544 543
184060 556
184572 568
185092 572
185604 575
186124 583
186636 591
187152 600
187668 600
188184 608
188696 609
189216 611
189728 615
190248 620
190760 624
191276 625
191792 632
192308 632
192820 633
193340 636
193852 638
194372 639
194884 639
195400 639
195916 639
196432 639
196944 639
197464 639
197976 639
198496 639
199008 615
199524 575
200040 543
200556 515
201068 487
201588 462
202100 440
202620 414
203132 391
203648 376
204160 353
204680 335
205192 319
205712 312
206224 295
206744 286
207256 271
207772 255
208284 255
208804 248
209316 240
209836 231
210348 224
210868 220
211380 211
211896 206
212408 199
212928 195
213440 192
213960 192
214472 184
214992 184
215504 177
216020 176
216532 174
217052 167
217564 167
218084 167
218596 163
219116 159
219628 159
220144 159
220656 159
221176 158
221688 156
222208 156
222720 156
223240 152
223752 167
224268 207
224780 243
225300 275
225812 304
226332 332
226844 355
227364 384
227876 399
228392 423
228904 440
229424 455
229936 472
230456 487
230968 504
231488 512
232000 524
232516 536
233028 543
233548 551
234060 561
234580 568
235092 575
235612 575
236124 590
236640 591
237152 600
237672 608
238184 608
238704 611
239216 615
239736 620
240248 624
240764 624
241276 632
241796 632
242308 632
242828 636
243340 638
243856 639
244368 639
244888 639
245404 639
245916 639
246436 639
246948 639
247468 639
247980 639
248496 632
249008 591
249528 560
250040 526
250560 496
251072 472
251592 448
252104 419
252620 399
253132 384
253652 359
254164 344
254684 327
255196 316
255716 302
256228 287
256744 280
257256 255
257776 255
258288 248
258808 240
259320 231
259840 224
260352 220
260868 216
261380 207
261900 199
262412 199
262932 193
263444 192
