28 636
544 600
1064 561
1576 527
2096 499
2608 472
3124 448
3636 423
4156 399
4668 384
5188 359
5700 348
6220 327
6732 316
7248 304
7760 287
8280 280
8792 255
9312 255
9824 248
10344 240
10856 231
11372 225
11884 220
12404 216
12916 207
13436 199
13948 199
14468 193
14980 192
15496 188
16008 184
16528 179
17040 176
17560 176
18072 167
18592 167
19104 167
19620 163
20132 163
20652 199
21164 238
21684 270
22196 295
22716 327
23228 352
23744 384
24256 399
24776 415
25288 440
25808 455
26320 472
26840 483
27352 497
27868 511
28380 519
28900 536
29412 543
29932 551
30444 560
30964 568
31476 575
31992 575
32504 588
33024 591
33536 600
34056 604
34568 608
35088 611
35600 615
36116 620
36628 624
37148 624
37660 632
38180 632
38692 632
39212 636
39724 636
40240 632
40752 591
41272 560
41784 527
42304 496
42816 472
43336 448
43848 419
44364 399
44876 384
45396 359
45908 344
46428 327
46940 316
47460 304
47972 287
48488 280
49000 255
49520 255
50032 248
50552 240
51064 231
51584 224
52096 220
52612 216
53124 207
53644 199
54156 199
54676 193
55188 192
55708 188
56220 184
56736 184
57248 176
57768 176
58280 167
58800 167
59312 167
59828 163
60344 167
60860 204
61372 240
61892 271
62404 304
62924 327
63436 352
63952 384
64468 399
64984 415
65496 440
66016 455
66528 472
67048 487
67560 499
68076 511
68592 519
69108 536
69620 543
70140 551
70652 560
71172 568
71684 575
72200 575
72716 588
73232 591
73744 600
74264 604
74776 608
75292 611
75804 615
76324 615
76840 624
77352 624
77872 632
78384 632
78904 632
79416 636
79932 638
80448 632
80964 591
81476 558
81996 526
82508 496
83028 472
83540 448
84056 415
84572 399
85088 384
85600 359
86120 344
86632 327
87152 313
87664 302
88180 287
88696 280
89212 255
89724 255
90244 248
90756 240
91276 231
91788 225
92304 220
92820 216
93336 207
93848 199
94368 195
94880 193
95400 192
95912 188
96428 184
96944 177
97460 176
97972 176
98492 167
99004 167
99524 167
100036 163
100552 167
101068 207
101584 241
102096 271
102616 304
103128 327
103648 355
104160 384
104676 399
105192 419
105708 440
106220 455
106740 472
107252 487
107772 504
108284 512
108800 526
109316 536
109832 543
110344 551
110864 560
111376 568
111896 575
112408 575
112924 588
113440 591
113956 600
114468 604
114988 608
115500 611
116020 615
116532 620
117048 624
117564 624
118080 632
118592 632
119112 632
119624 636
120144 638
120656 625
121172 590
121688 551
122204 519
122716 494
123236 463
123748 440
124268 415
124780 398
125296 384
125812 359
126328 344
126840 327
127360 312
127872 295
128392 287
128904 275
129420 255
129936 255
130452 248
130964 240
131484 231
132000 225
132512 220
133032 216
133544 207
134060 199
134576 199
135092 192
135604 192
136124 188
136636 184
137156 179
137668 176
138184 176
138696 167
139216 167
139732 167
140244 163
140764 167
141276 206
141796 240
142308 271
142828 304
143340 327
143856 353
144368 384
144888 399
145400 415
145920 440
146432 455
146952 472
147464 483
147980 497
148492 512
149012 524
149524 536
150044 543
150556 551
151076 560
151588 568
152104 575
152616 575
153136 588
153648 591
154168 600
154680 608
155200 608
155712 611
156228 615
156740 620
157260 624
157772 624
158292 632
158804 632
159324 632
159836 636
160352 638
160864 632
161384 591
161896 558
162416 526
162928 496
163448 472
163960 448
164476 415
164988 399
165508 384
166020 359
166540 344
167052 327
167572 313
168084 302
168600 287
169112 280
169632 255
170144 255
170664 248
171176 240
171696 231
172208 225
172724 220
173236 216
173756 207
174268 199
174788 195
175300 192
175820 192
176332 188
176848 184
177360 179
177880 176
178392 176
178912 167
179424 167
179940 167
180456 163
180972 167
181484 207
182004 240
182516 271
183036 304
183548 327
184064 353
184580 384
185096 399
185608 419
186128 440
186640 455
187160 472
187672 487
188188 504
188704 512
189220 519
189732 536
190252 543
190764 551
191284 560
191796 568
192312 575
192828 575
193344 590
193856 591
194376 600
194888 604
195408 608
195920 611
196436 615
196952 615
197468 624
197980 624
198500 632
199012 632
199532 632
200044 636
200560 638
201076 632
201592 591
202104 556
202624 524
203136 496
203656 467
204168 448
204684 415
205200 399
205716 384
206228 359
206748 344
207260 327
207780 316
208292 300
208808 287
209324 280
209840 255
210352 255
210872 248
211384 240
211904 231
212416 225
212932 220
213448 216
213964 207
214484 199
214996 195
215516 192
216028 192
216544 184
217060 184
217576 177
218088 176
218608 176
219120 167
219640 167
220152 167
220668 163
221180 167
221700 207
222212 240
222732 271
223244 304
223764 327
224276 355
224792 384
225304 399
225824 419
226336 440
226856 455
227368 472
227888 487
228400 504
228916 512
229428 524
229948 536
230460 543
230980 551
231492 560
232012 568
232524 575
233040 575
233552 590
234072 591
234584 600
235104 604
235616 608
236136 611
236648 615
237164 620
237676 624
238196 624
238708 632
239228 632
239740 632
240260 636
240772 638
241288 625
241800 591
242320 556
242832 524
243352 496
243864 463
244384 440
244896 415
245412 398
245924 384
246444 359
246956 344
247476 319
247988 312
248508 295
249020 287
249536 275
250048 255
250568 255
251080 248
251600 240
252112 231
252632 224
253144 220
253660 216
254172 207
254692 199
255204 195
255724 192
256236 192
256756 188
257268 184
257784 179
258296 176
258816 176
259328 167
259848 167
260360 167
260880 163
261392 167
261908 207
262420 243
262940 273
263452 304
