24 624
536 583
1056 551
1568 519
2088 487
2600 463
3116 440
3628 415
4148 391
4660 384
5180 355
5692 344
6208 319
6724 312
7240 295
7752 287
8272 271
8788 255
9300 255
9820 248
10332 240
10852 231
11364 224
11884 220
12396 216
12912 207
13424 199
13944 195
14456 192
14976 192
15488 184
16008 184
16520 177
17036 192
17548 225
18068 255
18580 287
19100 319
19612 345
20132 369
20644 391
21160 414
21672 432
22192 448
22704 463
23224 480
23736 496
24256 508
24768 519
25284 527
25796 540
26316 547
26828 560
27348 568
27860 574
28380 575
28892 583
29408 591
29920 600
30440 604
30952 608
31472 609
31984 615
32504 615
33016 624
33532 624
34044 591
34564 558
35076 526
35596 496
36108 467
36628 448
37140 415
37656 399
38168 384
38688 359
39200 344
39720 327
40232 316
40752 300
41264 287
41780 280
42292 255
42812 255
43324 248
43844 240
44356 231
44876 224
45388 220
45904 216
46416 207
46936 199
47448 199
47968 193
48480 192
49000 188
49512 184
50028 177
50540 184
51060 224
51572 255
52092 287
52604 316
53124 344
53636 368
54152 387
54664 408
55184 430
55696 448
56216 463
56728 480
57248 492
57760 504
58276 515
58788 527
59308 540
59820 543
60340 558
60852 568
61372 572
61884 575
62400 583
62912 591
63432 600
63944 600
64464 608
64976 609
65496 611
66008 615
66524 622
67036 624
67556 600
68068 568
68588 527
69100 504
69620 472
70132 448
70648 423
71160 399
71680 384
72192 359
72712 348
73224 327
73744 316
74256 304
74772 287
75284 280
75804 270
76316 255
76836 252
77348 240
77868 231
78380 225
78896 224
79408 216
79928 207
80440 199
80960 199
81472 193
81992 192
82504 192
83020 184
83540 184
84052 176
84572 216
85084 248
85600 280
86116 312
86632 335
87144 359
87664 384
88176 408
88696 423
89208 448
89724 460
90240 476
90756 487
91268 504
91788 513
92300 527
92820 536
93332 543
93848 551
94364 563
94880 572
95392 575
95912 583
96424 590
96944 593
97456 600
97972 608
98488 608
99004 611
99516 615
100036 620
100548 624
101068 608
101580 568
102096 536
102612 508
103128 480
103640 451
104160 428
104672 408
105192 384
105704 368
106220 352
106736 335
107252 319
107764 304
108284 287
108796 280
109316 271
109828 255
110344 252
110860 241
111376 231
111888 227
112408 224
112920 216
113440 207
113952 204
114468 199
114984 195
115500 192
116012 192
116532 184
117044 184
117564 177
118076 207
118592 243
119108 271
119624 304
120136 327
120656 355
121168 384
121688 399
122200 415
122716 440
123232 455
123748 472
124260 487
124780 504
125292 512
125812 526
126324 536
126840 543
127356 551
127872 560
128384 568
128904 575
129416 575
129936 590
130448 591
130964 600
131476 604
131996 608
132512 611
133024 615
133544 620
134056 624
134576 615
135088 575
135604 543
136116 513
136636 483
137148 455
137668 433
138180 412
138700 391
139212 376
139728 353
140240 335
140760 319
141272 312
141792 295
142304 284
142824 271
143336 255
143852 254
144364 248
144884 240
145396 231
145916 224
146428 216
146944 207
147460 207
147976 199
148488 195
149008 192
149520 192
150040 184
150552 184
151068 177
151584 195
152100 231
152612 255
153132 295
153644 319
154164 352
154676 376
155192 391
155708 415
156224 433
156736 451
157256 472
157768 481
158288 496
158800 510
159316 519
159832 536
160348 542
160860 551
161380 560
161892 568
162412 575
162924 575
163440 583
163956 591
164472 600
164984 604
165504 608
166016 609
166536 615
167048 615
167564 624
168080 624
168596 583
169108 551
169628 519
170140 492
170660 463
171172 440
171688 415
172204 391
172720 384
173232 355
173752 344
174264 319
174784 312
175296 295
175812 287
176328 271
176844 255
177356 255
177876 248
178388 240
178908 231
179420 224
179936 220
180452 216
180968 207
181480 199
182000 195
182512 192
183032 192
183544 184
184060 184
184576 177
185092 192
185604 224
186124 255
186636 287
187156 319
187672 344
188184 368
188704 391
189216 412
189736 432
190248 448
190764 463
191276 480
191796 496
192308 508
192828 519
193340 527
193860 540
194372 547
194888 560
195400 568
195920 574
196432 575
196952 583
197464 591
197984 600
198496 604
199012 608
199524 609
200044 615
200556 615
201076 624
201588 624
202108 591
202620 560
203136 527
203648 496
204168 472
204680 448
205200 419
205712 399
206232 384
206744 359
207260 344
207772 327
208292 316
208804 304
209324 287
209836 280
210356 255
210868 255
211384 248
211896 240
212416 231
212928 225
213448 220
213960 216
214480 207
214992 199
215508 199
216020 193
216540 192
217052 188
217572 184
218084 179
218604 184
219116 220
219632 252
220144 284
220664 312
221176 335
221696 364
222208 385
222728 408
223240 428
223756 448
224268 462
224788 480
225300 487
225820 504
226332 515
226852 527
227364 537
227880 543
228392 556
228912 568
229424 572
229944 575
230456 583
230976 591
231488 595
232004 600
232516 608
233036 608
233548 615
234068 615
234580 622
235096 624
235612 601
236128 568
236640 536
237160 504
237672 476
238192 449
238704 423
239220 403
239736 384
240252 368
240764 352
241284 327
241796 318
242316 304
242828 287
243344 280
243860 270
244376 255
244888 252
245408 241
245920 231
246440 225
246952 224
247468 216
247984 207
248500 199
249012 199
249532 193
250044 192
250564 192
251076 184
251592 179
252108 176
252624 211
253136 248
253656 280
254168 305
254688 335
255200 359
255716 384
256232 403
256748 423
257260 441
257780 455
258292 476
258812 487
259324 504
259840 513
260356 524
260872 536
261384 543
261904 551
262424 561
262936 572
263452 575
