24 608
540 572
1056 536
1572 508
2084 480
2604 451
3116 430
3636 408
4148 385
4664 368
5180 352
5696 334
6208 319
6728 304
7240 291
7760 281
8272 271
8788 255
9304 252
9820 241
10332 231
10852 227
11364 224
11884 216
12396 207
12912 206
13428 199
13944 193
14456 199
14976 240
15488 271
16008 304
16520 327
17036 353
17552 384
18068 399
18580 415
19100 440
19612 455
20132 472
20644 483
21160 497
21676 512
22192 524
22704 536
23224 543
23736 551
24256 560
24768 568
25284 575
25800 575
26316 588
26828 591
27348 600
27860 604
28380 608
28892 583
29408 547
29924 515
30440 487
30952 462
31472 440
31984 415
32504 391
33016 376
33532 355
34048 339
34564 319
35076 312
35596 295
36108 287
36628 271
37140 255
37656 255
38172 248
38688 240
39200 231
39720 224
40232 217
40752 211
41264 207
41780 199
42296 195
42812 192
43324 224
43844 255
44356 287
44876 319
45388 344
45904 368
46420 391
46936 412
47448 432
47968 448
48480 463
49000 480
49512 496
50028 508
50544 519
51060 527
51572 540
52092 547
52604 560
53124 568
53636 574
54152 575
54668 583
55184 591
55696 600
56216 604
56728 608
57248 600
57760 561
58276 527
58792 504
59308 472
59820 448
60340 423
60852 399
61372 384
61888 359
62400 345
62920 327
63432 316
63952 304
64464 287
64984 280
65496 255
66012 255
66524 248
67044 240
67556 231
68076 225
68588 224
69108 216
69620 207
70136 199
70648 199
71168 193
71680 216
72200 248
72712 280
73232 312
73744 335
74260 359
74772 384
75292 408
75804 423
76324 448
76836 455
77356 476
77868 487
78384 504
78896 513
79416 527
79928 536
80448 543
80960 551
81480 561
81992 572
82508 575
83020 583
83540 590
84052 591
84572 600
85084 608
85604 608
86116 575
86632 542
87144 511
87664 481
88176 455
88696 432
89208 408
89728 387
90240 368
90756 352
91268 335
91788 319
92300 305
92820 295
93332 284
93852 271
94364 255
94880 254
95392 248
95912 236
96424 227
96944 224
97456 216
97976 207
98488 206
99004 199
99516 195
100036 199
100548 231
101068 255
101580 295
102100 319
102612 352
103128 384
103640 396
104160 415
104672 440
105192 451
105704 472
106220 483
106736 496
107252 511
107764 519
108284 536
108796 543
109316 551
109828 560
110344 568
110860 575
111376 575
111888 588
112408 591
112920 600
113440 604
113952 608
114468 588
114984 551
115500 519
116012 492
116532 463
117044 440
117564 415
118076 396
118592 384
119108 359
119624 344
120136 319
120656 312
121168 295
121688 287
122200 280
122716 255
123232 255
123748 248
124260 240
124780 231
125292 224
125812 220
126324 216
126840 207
127356 199
127872 195
128384 193
128904 224
129416 255
129936 287
130448 316
130964 344
131480 368
131996 385
132516 408
133028 423
133544 448
134060 463
134576 480
135088 492
135608 504
136120 515
136640 527
137152 537
137668 543
138184 556
138700 568
139212 572
139732 575
140244 583
140764 591
141276 595
141792 600
142308 608
142824 608
143336 572
143856 536
144368 508
144888 480
145400 451
145916 430
146432 408
146948 385
147460 368
147980 352
148492 334
149012 319
149524 304
150040 287
150556 280
151072 271
151584 255
152104 252
152616 241
153136 231
153648 227
154164 224
154680 216
155196 207
155708 206
156228 199
156748 193
157260 204
157776 240
158288 271
158808 304
159320 327
159840 353
160352 384
160872 399
161384 415
161900 440
162412 455
162932 472
163444 483
163964 499
164476 512
164996 524
165508 536
166024 543
166536 551
167056 560
167568 568
168088 575
168600 575
169120 588
169632 591
170148 600
170660 604
171180 608
171692 583
172212 547
172724 519
173244 487
173756 463
174272 440
174784 414
175304 391
175816 376
176336 355
176848 339
177368 319
177880 312
178396 295
178908 287
179428 271
179940 255
180460 255
180972 248
181492 240
182004 231
182520 224
183032 220
183552 211
184064 207
184584 199
185096 195
185616 192
186128 225
186644 255
187156 287
187676 319
188188 344
188708 368
189220 391
189740 412
190252 432
190768 448
191280 463
191800 480
192312 496
192832 508
193344 515
193864 527
194376 540
194892 547
195404 560
195924 568
196436 574
196956 575
197468 583
197988 591
198500 600
199016 601
199528 608
200048 600
200560 561
201080 527
201592 504
202112 472
202624 448
203140 423
203652 399
204172 384
204684 359
205204 348
205716 327
206236 316
206748 304
207264 287
207776 280
208296 255
208808 255
209328 248
209840 240
210360 231
210872 227
211388 220
211900 216
212420 207
212932 199
213452 199
213964 193
214484 211
214996 248
215512 280
216024 307
216544 335
217056 359
217576 384
218088 403
218608 423
219120 448
219636 455
220148 476
220668 487
221180 504
221700 513
222212 526
222732 536
223244 543
223760 551
224272 561
224792 572
225304 575
225824 583
226336 590
226856 591
227368 600
227884 608
228396 608
228916 575
229428 543
229948 512
230460 481
230976 455
231488 432
232008 412
232524 387
233036 369
233556 352
234068 335
234588 319
235100 312
235620 295
236132 284
236648 271
237160 255
237680 254
238192 248
238712 236
239224 227
239744 224
240256 216
240772 207
241284 207
241804 199
242316 195
242836 195
243348 231
243868 255
244380 295
244896 319
245408 352
245928 376
246440 391
246960 415
247472 433
247992 451
248504 472
249020 481
249532 496
250052 510
250564 519
251084 531
251596 543
252116 551
252628 560
253144 568
253656 574
254176 575
254688 583
255208 591
255720 600
256240 604
256752 608
257268 591
257780 556
258300 524
258812 496
259332 465
259844 441
260364 415
260876 398
261392 384
261904 359
262424 344
262936 327
263456 312
