24 591
536 560
1052 527
1564 496
2084 472
2600 448
3112 419
3632 399
4144 384
4664 359
5176 344
5692 327
6208 316
6724 304
7236 287
7756 280
8268 255
8788 255
9300 248
9816 240
10332 231
10848 224
11360 220
11880 216
12392 207
12912 224
13424 255
13940 287
14452 318
14972 344
15484 368
16004 391
16516 412
17036 432
17548 448
18064 463
18576 480
19096 494
19608 508
20128 519
20640 527
21160 540
21672 543
22188 560
22700 568
23220 572
23732 575
24252 583
24764 591
25284 591
25796 560
26312 526
26824 496
27344 472
27856 448
28376 415
28888 399
29408 384
29920 359
30436 344
30948 327
31468 316
31980 302
32500 287
33012 280
33532 255
34044 255
34560 248
35072 240
35592 231
36104 225
36624 220
37136 216
37656 207
38168 224
38684 255
39196 287
39716 318
40228 344
40748 368
41260 391
41780 412
42292 432
42808 448
43320 463
43840 480
44352 494
44872 508
45384 519
45904 527
46416 540
46932 547
47444 558
47964 568
48476 572
48996 575
49508 583
50028 591
50540 591
51056 556
51568 526
52088 496
52600 467
53120 448
53632 415
54152 399
54664 384
55180 359
55692 344
56212 327
56724 316
57244 302
57756 287
58276 280
58788 255
59304 255
59816 248
60336 240
60848 231
61368 225
61880 220
62400 216
62912 207
63428 224
63940 255
64460 287
64972 319
65492 344
66004 368
66524 391
67036 412
67552 432
68064 448
68584 463
69096 480
69616 496
70128 508
70648 519
71160 527
71676 540
72188 547
72708 560
73220 568
73740 574
74252 575
74772 583
75284 591
75800 591
76312 556
76832 524
77352 496
77864 465
78380 444
78896 415
79412 398
79924 384
80444 359
80956 344
81476 327
81988 312
82504 300
83020 287
83536 280
84048 255
84568 255
85080 248
85600 240
86112 231
86628 225
87144 220
87660 216
88172 207
88692 225
89204 255
89724 287
90236 319
90752 344
91268 368
91784 391
92296 414
92816 432
93328 448
93848 463
94360 480
94876 496
95392 508
95908 519
96420 527
96940 540
97452 547
97972 560
98484 568
99000 572
99516 575
100032 583
100544 591
101064 590
101576 556
102096 519
102608 496
103124 463
103640 440
104156 415
104668 398
105188 384
105700 359
106220 344
106732 327
107248 312
107764 295
108280 287
108792 275
109312 255
109824 255
110344 248
110856 240
111372 231
111888 224
112404 220
112916 216
113436 207
113948 227
114468 255
114980 287
115496 319
116012 348
116528 369
117040 391
117560 414
118072 432
118592 448
119104 463
119620 480
120136 496
120652 508
121164 519
121684 527
122196 542
122716 547
123228 560
123744 568
124260 574
124776 575
125288 583
125808 591
126320 590
126840 551
127352 519
127868 494
128384 463
128900 440
129412 415
129932 396
130444 384
130964 355
131476 344
131992 319
132512 312
133024 295
133544 287
134056 275
134572 255
135088 255
135604 248
136116 240
136636 231
137148 224
137668 220
138180 211
138696 207
139212 227
139728 255
140240 287
140760 319
141272 348
141792 369
142304 391
142820 414
143336 432
143852 449
144364 463
144884 480
145396 496
145916 508
146428 519
146944 527
147460 540
147976 547
148488 560
149008 568
149520 574
150040 575
150552 583
151068 591
151584 588
152100 551
152612 519
153132 492
153644 463
154164 440
154676 415
155192 391
155708 384
156224 355
156736 344
157256 319
157768 312
158288 295
158800 287
159316 275
159832 255
160348 255
160860 248
161380 240
161892 231
162412 224
162924 220
163440 216
163956 207
164472 227
164984 255
165504 291
166016 319
166536 348
167048 369
167564 391
168080 414
168596 432
169108 449
169628 465
170140 480
170660 496
171172 508
171688 519
172204 527
172720 542
173232 547
173752 560
174264 568
174784 574
175296 575
175812 583
176328 591
176844 583
177356 551
177876 519
178388 487
178908 463
179420 440
179936 415
180452 391
180968 384
181480 355
182000 344
182512 319
183032 312
183544 295
184060 287
184580 275
185092 255
185612 255
186124 248
186644 240
187156 231
187672 224
188184 220
188704 216
189216 207
189736 231
190248 255
190768 291
191280 319
191796 352
192308 376
192828 391
193340 415
193860 433
194372 449
194892 465
195404 480
195920 496
196432 508
196952 519
197464 527
197984 542
198496 547
199016 560
199528 568
200044 574
200556 575
201076 583
201588 591
202108 583
202620 551
203140 519
203652 487
204168 463
204680 440
205200 415
205712 391
206232 376
206744 355
207264 344
207776 319
208292 312
208804 295
209324 287
209836 271
210356 255
210868 255
211388 248
211900 240
212416 231
212928 224
213448 216
213960 211
214480 207
214992 231
215512 255
216024 295
216540 319
217052 352
217572 376
218084 391
218604 415
219116 433
219636 449
220148 467
220664 481
221176 496
221696 510
222208 519
222728 529
223240 542
223760 551
224272 560
224788 568
225300 575
225820 575
226332 583
226852 591
227364 583
227884 551
228396 519
228912 487
229424 463
229944 440
230456 415
230976 391
231488 376
232004 355
232520 344
233036 319
233548 312
234068 295
234580 287
235100 271
235612 255
236128 255
236644 248
237160 240
237672 231
238192 224
238704 220
239224 211
239736 207
240252 231
240768 255
241284 295
241796 319
242316 352
242828 376
243348 391
243860 415
244376 433
244892 451
245408 467
245920 481
246440 496
246952 510
247472 519
247984 531
248500 542
249016 551
249532 560
250044 568
250564 575
251076 575
251596 588
252108 591
252624 583
253140 547
253656 515
254168 487
254688 463
255200 440
255720 415
256232 391
256748 376
257264 355
257780 339
258292 319
258812 312
259332 295
259844 286
260360 271
260876 255
261392 255
261904 248
262424 240
262936 231
263456 224
