24 575
540 543
1052 513
1572 483
2084 460
2604 433
3116 414
3636 391
4148 376
4664 353
5176 335
5696 319
6208 312
6728 295
7240 284
7760 271
8272 255
8788 255
9300 248
9820 240
10332 227
10852 224
11364 227
11884 255
12396 287
12912 319
13424 348
13944 369
14456 391
14976 414
15488 432
16008 449
16520 463
17036 480
17548 496
18068 508
18580 519
19100 527
19612 540
20132 551
20644 560
21160 568
21672 574
22192 575
22704 561
23224 527
23736 504
24256 472
24768 448
25284 423
25796 399
26316 384
26828 359
27348 348
27860 327
28380 316
28892 304
29408 287
29920 280
30440 255
30952 255
31472 248
31984 240
32504 231
33016 225
33532 224
34044 248
34564 280
35076 305
35596 335
36108 359
36628 384
37140 399
37656 423
38168 440
38688 455
39200 472
39720 487
40232 504
40752 513
41264 526
41780 536
42292 543
42812 551
43324 561
43844 568
44356 575
44876 575
45388 543
45904 513
46416 483
46936 455
47448 433
47968 412
48480 391
49000 369
49512 353
50028 335
50540 319
51060 312
51572 295
52092 284
52604 271
53124 255
53636 254
54152 248
54664 240
55184 231
55696 224
56216 227
56728 255
57248 287
57760 319
58276 348
58788 371
59308 391
59820 414
60340 432
60852 449
61368 463
61884 480
62400 496
62912 508
63432 519
63944 527
64464 540
64976 551
65492 560
66008 568
66524 574
67036 575
67556 560
68072 527
68584 497
69104 472
69616 448
70136 419
70648 399
71168 384
71680 359
72196 344
72708 327
73228 316
73740 304
74260 287
74772 280
75292 255
75804 255
76320 248
76832 240
77352 231
77864 225
78384 224
78896 248
79416 280
79928 305
80444 335
80956 359
81476 384
81988 403
82508 423
83020 448
83540 455
84052 476
84568 487
85080 504
85600 512
86112 526
86632 536
87144 543
87664 551
88176 561
88692 572
89204 575
89724 575
90236 543
90756 512
91268 483
91788 455
92300 432
92816 412
93328 391
93848 369
94360 352
94880 335
95392 319
95912 312
96424 295
96940 284
97452 271
97972 255
98484 254
99004 248
99516 240
100036 227
100548 224
101064 227
101576 255
102096 291
102608 319
103128 348
103640 371
104160 391
104672 414
105188 432
105700 449
106220 465
106732 480
107252 496
107764 508
108284 519
108796 527
109312 542
109824 547
110344 560
110856 568
111376 574
111888 575
112408 560
112920 527
113436 497
113948 472
114468 448
114980 423
115500 399
116012 384
116532 359
117044 344
117560 327
118072 316
118592 304
119104 287
119624 280
120136 255
120656 255
121168 249
121684 240
122196 231
122716 225
123228 220
123748 248
124260 280
124780 312
125292 335
125808 359
126320 384
126840 408
127352 423
127872 448
128384 460
128904 476
129416 487
129932 504
130444 513
130964 527
131476 536
132000 543
132512 551
133032 561
133544 568
134060 575
134572 575
135092 543
135604 513
136124 487
136636 460
137156 435
137668 414
138184 391
138696 376
139216 353
139728 335
140248 319
140760 312
141280 295
141792 284
142308 271
142828 255
143340 255
143860 248
144372 240
144888 231
145404 224
145920 225
146432 255
146952 287
147464 319
147984 345
148496 369
149012 391
149528 414
150044 432
150556 448
151076 463
151588 480
152108 496
152620 508
153136 519
153652 527
154168 540
154680 547
155200 560
155712 568
156232 574
156744 575
157260 561
157776 529
158292 504
158804 472
159324 448
159836 423
160356 399
160868 384
161384 359
161900 348
162416 327
162928 318
163448 304
163960 287
164480 280
164992 255
165508 255
166024 252
166540 240
167052 231
167572 225
168084 224
168604 243
169116 275
169632 305
170148 332
170664 355
171176 384
171696 399
172208 423
172728 440
173240 455
173756 472
174272 487
174788 504
175300 512
175820 526
176332 536
176852 543
177364 551
177880 561
178396 568
178912 575
179424 575
179944 543
180456 515
180976 487
181488 462
182004 433
182520 414
183036 391
183548 376
184068 353
184580 335
185100 319
185612 312
186128 295
186644 286
187160 271
187672 255
188192 255
188704 248
189224 240
189736 227
190252 224
190768 225
191284 255
191796 287
192316 319
192828 344
193348 369
193860 391
194376 414
194892 432
195408 448
195920 463
196440 480
196952 496
197472 508
197984 519
198500 527
199016 540
199532 547
200044 560
200564 568
201076 574
201596 575
202108 568
202624 527
203140 504
203656 472
204168 448
204688 423
205200 399
205720 384
206232 364
206748 348
207264 327
207780 316
208292 304
208812 287
209324 280
209844 255
210356 255
210872 252
211388 241
211904 231
212416 227
212936 224
213448 243
213968 275
214480 304
214996 334
215512 355
216028 384
216540 399
217060 423
217580 440
218092 455
218608 472
219120 487
219640 504
220152 512
220672 526
221184 536
221704 543
222216 551
222732 561
223244 568
223764 575
224276 575
224796 543
225308 515
225828 487
226340 460
226856 433
227368 414
227888 391
228400 376
228920 353
229432 335
229952 319
230464 312
230980 295
231492 286
232012 271
232524 255
233044 255
233556 248
234076 240
234588 231
235104 224
235616 225
236136 255
236648 287
237168 319
237680 344
238200 369
238712 391
239228 414
239740 432
240260 449
240772 463
241292 480
241804 496
242324 508
242836 519
243352 527
243864 540
244384 547
244896 560
245416 568
245928 574
246448 575
246960 568
247476 527
247988 504
248508 472
249020 448
249540 423
250052 399
250572 384
251084 359
251600 348
252112 327
252632 318
253144 304
253664 287
254176 280
254696 270
255208 255
255724 252
256236 240
256756 231
257268 225
257788 224
258300 243
258820 280
259332 304
259848 332
260360 355
260880 384
261392 399
261912 419
262424 440
262944 455
263456 472
