24 568
536 536
1056 504
1568 476
2088 448
2600 423
3120 399
3632 384
4148 368
4660 352
5180 327
5692 319
6212 304
6724 287
7244 280
7756 270
8272 255
8784 252
9304 241
9816 231
10336 255
10848 287
11368 319
11880 348
12396 369
12908 391
13428 414
13940 432
14460 448
14972 463
15492 480
16004 496
16520 508
17032 519
17552 527
18064 540
18584 547
19096 560
19616 568
20128 543
20644 512
21156 483
21676 455
22188 432
22708 412
23220 387
23740 369
24252 352
24768 335
25280 319
25800 312
26312 295
26832 284
27344 271
27864 255
28376 254
28892 248
29404 240
29924 252
30436 280
30956 312
31468 335
31988 359
32500 384
33016 408
33528 423
34048 448
34560 462
35080 480
35592 487
36112 504
36624 515
37140 527
37652 536
38172 543
38684 556
39204 561
39716 551
40236 519
40748 492
41264 463
41776 440
42296 415
42808 398
43328 384
43840 359
44360 344
44872 327
45388 312
45900 295
46420 287
46932 280
47452 255
47964 255
48484 248
48996 240
49512 240
50024 271
50544 304
51056 327
51576 353
52088 384
52608 399
53120 415
53636 440
54148 455
54668 472
55180 483
55700 497
56212 512
56732 524
57244 536
57760 543
58272 551
58792 560
59304 568
59824 536
60336 504
60856 476
61368 448
61884 423
62396 399
62916 384
63428 364
63948 348
64460 327
64980 318
65492 304
66008 287
66520 280
67040 270
67552 255
68068 252
68580 241
69100 231
69616 255
70128 287
70648 319
71160 348
71680 369
72192 391
72708 414
73224 432
73740 449
74252 463
74772 480
75284 496
75804 510
76316 519
76832 536
77348 543
77864 551
78376 560
78896 568
79408 543
79928 512
80440 483
80956 455
81472 432
81988 412
82500 387
83020 369
83532 352
84052 335
84564 319
85080 307
85596 295
86112 284
86624 271
87144 255
87656 254
88176 248
88688 238
89204 252
89720 284
90236 312
90748 335
91268 359
91780 384
92300 408
92812 423
93328 448
93844 462
94360 480
94872 487
95392 504
95904 515
96424 527
96936 537
97452 543
97968 556
98484 563
98996 551
99516 519
100028 494
100548 463
101060 440
101576 415
102092 398
102608 384
103120 359
103640 344
104152 327
104672 312
105184 295
105700 287
106216 275
106732 255
107244 255
107764 248
108276 240
108796 240
109308 271
109824 304
110340 327
110856 353
111368 384
111888 399
112400 415
112920 440
113432 455
113948 472
114464 487
114980 499
115492 512
116012 524
116524 536
117044 543
117556 551
118072 560
118588 568
119104 536
119616 504
120136 476
120648 448
121168 423
121680 399
122196 384
122712 366
123228 348
123740 327
124260 318
124772 304
125292 287
125804 280
126320 270
126836 255
127352 252
127864 241
128384 231
128896 255
129416 287
129928 319
130444 348
130960 369
131476 391
131992 414
132512 432
133024 448
133544 463
134056 480
134572 496
135088 508
135604 519
136116 527
136636 542
137148 547
137668 560
138180 568
138696 543
139212 512
139728 483
140240 455
140760 432
141272 412
141792 391
142304 369
142820 352
143336 335
143852 319
144364 307
144884 295
145396 284
145916 271
146428 255
146944 254
147460 248
147976 240
148488 252
149008 280
149520 312
150040 335
150552 359
151068 384
151584 408
152100 423
152612 448
153132 460
153648 476
154160 487
154680 504
155192 513
155712 527
156224 536
156744 543
157256 556
157772 561
158284 556
158804 519
159316 496
159836 463
160348 440
160868 415
161380 396
161896 384
162408 359
162928 344
163440 327
163960 312
164472 300
164992 287
165504 275
166020 255
166532 255
167052 248
167564 240
168084 240
168596 271
169116 304
169628 327
170144 353
170656 384
171176 399
171688 415
172208 440
172720 455
173240 472
173752 483
174268 496
174780 512
175300 524
175812 536
176332 543
176844 551
177364 560
177876 568
178392 536
178904 504
179424 476
179936 448
180456 423
180968 403
181488 384
182000 368
182516 348
183028 327
183548 318
184060 304
184580 287
185092 280
185612 270
186124 255
186640 252
187152 241
187672 231
188184 255
188704 287
189216 319
189736 344
190248 369
190764 391
191276 414
191796 432
192308 449
192828 463
193340 480
193860 496
194372 508
194888 519
195400 527
195920 540
196432 547
196952 558
197464 568
197984 543
198496 512
199012 483
199524 455
200044 432
200556 412
201076 387
201588 369
202108 352
202620 335
203136 319
203648 312
204168 295
204680 284
205200 271
205712 255
206232 254
206744 248
207260 238
207772 249
208292 280
208804 312
209324 335
209836 359
210352 384
210868 408
211384 423
211896 448
212416 460
212928 476
213448 487
213960 504
214476 513
214992 527
215508 536
216020 543
216540 556
217052 561
217572 556
218084 524
218600 494
219116 463
219632 441
220144 415
220664 398
221176 384
221696 359
222208 344
222724 327
223240 312
223756 295
224268 287
224788 280
225300 255
225820 255
226332 248
226848 240
227364 240
227880 271
228400 304
228912 327
229432 353
229944 384
230460 399
230976 415
231492 440
232004 455
232524 472
233036 483
233556 497
234068 512
234584 524
235100 536
235616 543
236128 551
236648 560
237160 568
237680 536
238192 504
238708 476
239224 448
239740 423
240252 403
240772 384
241284 368
241804 348
242316 327
242832 318
243348 304
243864 287
244376 280
244896 270
245408 255
245928 252
246440 241
246956 231
247472 255
247988 287
248500 319
249020 348
249532 368
250052 391
250564 412
251080 432
251592 448
252112 463
252624 480
253144 496
253656 508
254176 519
254688 527
255204 540
255716 547
256236 560
256748 568
257268 543
257780 512
258300 483
258812 455
259328 433
259840 412
260360 391
260872 369
261392 352
261904 335
262424 319
262936 312
263452 295
