24 543
544 515
1056 483
1576 460
2088 433
2604 414
3120 391
3636 376
4148 353
4668 335
5180 319
5700 312
6212 295
6728 286
7244 271
7760 255
8272 255
8792 280
9304 305
9824 335
10336 359
10852 384
11368 403
11884 423
12396 448
12916 455
13428 476
13948 487
14460 504
14976 513
15488 526
16008 536
16520 543
17040 527
17552 497
18072 472
18584 448
19100 419
19612 399
20132 384
20644 359
21164 344
21676 327
22196 316
22708 304
23224 287
23736 280
24256 255
24768 255
25288 255
25800 295
26320 319
26832 352
27348 376
27860 391
28380 415
28892 433
29412 451
29924 467
30444 481
30956 496
31472 510
31984 519
32504 536
33016 542
33536 540
34048 510
34568 480
35080 455
35596 432
36108 408
36628 387
37140 368
37660 352
38172 335
38692 319
39204 305
39720 295
40232 284
40752 271
41264 255
41784 254
42296 284
42816 312
43328 337
43844 364
44356 385
44876 408
45388 428
45908 448
46420 462
46940 480
47452 487
47968 504
48480 515
49000 527
49512 536
50032 543
50544 519
51064 492
51576 463
52092 440
52604 415
53124 391
53636 384
54156 359
54672 344
55184 319
55704 312
56216 295
56736 287
57248 275
57764 255
58280 255
58796 271
59308 304
59828 327
60340 353
60860 384
61372 399
61888 415
62404 440
62920 455
63432 472
63952 483
64464 497
64984 512
65496 519
66012 536
66528 543
67044 536
67556 504
68076 476
68588 449
69108 423
69620 408
70136 384
70652 368
71168 352
71680 334
72200 319
72712 304
73232 287
73744 280
74260 271
74776 255
75292 255
75804 287
76324 319
76836 344
77356 368
77868 391
78384 412
78900 432
79416 448
79928 463
80448 480
80960 496
81480 508
81992 519
82508 527
83024 540
83540 543
84052 515
84572 487
85084 462
85604 433
86116 414
86632 391
87148 376
87664 353
88176 335
88696 319
89208 312
89728 295
90240 286
90756 271
91272 255
91788 255
92300 280
92820 305
93332 334
93852 359
94364 384
94880 403
95396 423
95912 448
96424 455
96944 473
97456 487
97976 504
98488 512
99004 526
99516 536
100036 543
100548 527
101068 497
101580 472
102100 448
102612 419
103128 399
103640 384
104160 359
104672 344
105192 327
105704 316
106224 304
106736 287
107252 280
107764 255
108284 255
108796 255
109316 295
109828 319
110348 352
110860 376
111376 391
111888 415
112408 433
112920 449
113440 467
113952 481
114472 496
114984 510
115500 519
116012 531
116532 542
117044 542
117564 511
118076 481
118596 455
119108 432
119624 408
120136 387
120656 368
121168 352
121688 335
122200 319
122720 305
123232 295
123748 284
124260 271
124780 255
125292 252
125812 284
126324 312
126844 335
127356 359
127872 385
128384 408
128904 423
129424 448
129936 462
130456 480
130968 487
131484 504
132004 513
132520 527
133032 536
133552 543
134064 526
134584 496
135096 465
135612 448
136128 415
136644 398
137156 384
137676 359
138188 344
138708 327
139220 312
139736 295
140252 287
140768 280
141280 255
141800 255
142312 270
142832 295
143344 327
143860 352
144376 384
144892 399
145404 415
145924 440
146436 451
146956 472
147468 483
147984 497
148500 511
149016 519
149528 536
150048 543
150560 537
151080 508
151592 480
152108 451
152624 428
153140 408
153652 385
154172 368
154684 352
155204 334
155716 319
156232 304
156748 291
157264 280
157776 271
158296 255
158808 255
159328 287
159840 316
160356 344
160872 368
161388 387
161900 412
162420 430
162932 448
163452 463
163964 480
164480 492
164996 504
165512 515
166024 527
166544 540
167056 543
167576 519
168088 487
168604 463
169120 440
169636 415
170148 391
170668 384
171180 355
171700 344
172212 319
172728 312
173244 295
173760 287
174272 271
174792 255
175304 255
175824 271
176336 304
176852 327
177368 355
177884 384
178396 399
178916 419
179428 440
179948 455
180460 472
180976 487
181492 504
182008 512
182520 524
183040 536
183552 543
184072 536
184584 504
185100 472
185616 448
186132 423
186644 399
187164 384
187676 364
188196 348
188708 327
189224 318
189740 304
190256 287
190768 280
191288 270
191800 255
192320 255
192832 287
193348 319
193864 348
194380 369
194892 391
195412 414
195924 432
196444 448
196956 463
197472 480
197984 496
198504 508
199016 519
199536 527
200048 540
200568 543
201084 512
201596 483
202116 455
202628 433
203148 412
203660 391
204180 369
204692 353
205208 335
205720 319
206240 312
206752 295
207272 284
207784 271
208304 255
208816 255
209332 280
209844 312
210364 335
210876 359
211396 384
211908 408
212428 423
212940 448
213456 460
213968 476
214488 487
215000 504
215520 513
216032 526
216552 536
217064 543
217580 527
218092 496
218612 472
219124 448
219644 419
220156 399
220676 384
221188 359
221704 344
222216 327
222736 316
223248 304
223768 287
224280 280
224800 255
225312 255
225828 255
226340 295
226860 319
227372 352
227892 376
228404 398
228924 415
229436 435
229952 451
230464 472
230984 481
231496 496
232016 511
232528 519
233048 536
233560 543
234076 540
234588 508
235108 480
235620 455
236140 432
236652 408
237172 385
237684 368
238200 352
238712 335
239232 319
239744 305
240264 291
240776 284
241292 271
241808 255
242324 255
242836 286
243356 316
243868 339
244388 366
244900 387
245416 408
245932 428
246448 448
246960 463
247480 480
247992 492
248512 504
249024 515
249540 527
250056 540
250572 543
251084 519
251604 492
252116 463
252636 440
253148 415
253664 391
254180 384
254696 355
255208 344
255728 319
256240 312
256760 295
257272 287
257788 275
258304 255
258820 255
259332 271
259852 304
260364 327
260884 353
261396 384
261912 399
262428 415
262944 440
263456 455
