724 527
544 499
1056 472
1576 448
2088 423
2608 399
3120 384
3636 359
4148 348
4668 327
5180 316
5700 304
6212 287
6732 280
7244 271
7760 304
8272 327
8792 355
9304 384
9824 399
10336 419
10856 440
11368 455
11884 472
12396 483
12916 504
13428 512
13948 524
14460 524
14980 496
15492 465
16008 448
16520 415
17040 398
17552 384
18072 359
18584 344
19104 327
19616 312
20132 300
20644 287
21164 280
21676 280
22196 312
22708 335
23228 359
23740 384
24256 403
24768 423
25288 448
25800 455
26320 476
26832 487
27352 504
27864 513
28380 526
28892 519
29412 487
29924 463
30444 440
30956 415
31476 391
31988 376
32504 355
33016 344
33536 319
34048 312
34568 295
35080 287
35600 271
36112 284
36628 312
37140 335
37660 364
38172 385
38692 408
39204 423
39724 448
40236 463
40752 480
41264 487
41784 504
42296 515
42816 527
43328 513
43848 483
44360 455
44876 433
45388 412
45908 391
46420 371
46940 353
47452 335
47972 319
48484 312
49000 295
49512 284
50032 271
50544 287
51064 318
51576 344
52096 368
52608 391
53124 412
53636 432
54156 448
54668 463
55188 480
55700 494
56220 508
56732 519
57248 527
57760 508
58280 480
58792 455
59312 432
59824 408
60344 387
60856 368
61372 352
61884 335
62404 319
62916 305
63432 291
63944 284
64464 271
64980 295
65492 319
66012 352
66524 371
67044 391
67556 415
68072 432
68588 449
69104 465
69616 480
70136 496
70648 508
71168 519
71680 527
72196 504
72712 476
73228 448
73740 423
74260 403
74772 384
75292 366
75804 352
76320 327
76836 319
77352 304
77864 287
78384 280
78896 271
79416 295
79928 319
80444 352
80960 384
81476 398
81988 415
82508 440
83020 455
83540 472
84052 483
84568 496
85084 511
85600 519
86112 527
86632 497
87144 472
87664 448
88176 423
88692 399
89208 384
89724 359
90236 344
90756 327
91268 316
91788 304
92300 287
92816 280
93332 271
93848 304
94360 327
94880 355
95392 384
95912 399
96424 419
96940 440
97456 455
97972 472
98484 487
99004 504
99516 512
100036 524
100548 524
101064 494
101580 463
102096 440
102608 415
103128 398
103640 384
104160 359
104672 344
105188 327
105704 312
106220 295
106732 287
107252 280
107764 280
108284 312
108796 335
109312 359
109828 384
110344 408
110856 423
111376 448
111888 455
112408 476
112920 487
113436 504
113952 513
114468 526
114980 519
115500 487
116012 463
116532 440
117044 414
117560 391
118076 376
118592 355
119104 339
119624 319
120136 312
120656 295
121168 286
121684 271
122200 284
122716 316
123228 339
123748 366
124260 385
124780 408
125292 428
125808 448
126324 463
126840 480
127352 492
127872 504
128384 515
128904 527
129416 512
129932 483
130448 455
130964 433
131476 412
131992 391
132504 376
133024 353
133536 335
134056 319
134568 312
135084 295
135596 286
136116 271
136628 287
137148 316
137660 344
138180 368
138692 387
139208 412
139728 432
140240 448
140760 463
141272 480
141788 492
142304 508
142820 515
143332 527
143852 510
144364 480
144884 455
145396 432
145912 408
146428 387
146944 368
147456 352
147976 335
148488 319
149008 305
149520 295
150036 284
150552 271
151068 287
151580 319
152100 348
152612 371
153132 391
153644 415
154160 432
154676 448
155192 463
155704 480
156224 496
156736 508
157256 519
157768 527
158284 504
158800 480
159316 449
159828 423
160348 408
160860 384
161380 368
161892 352
162408 327
162924 319
163440 304
163952 287
164472 280
164984 271
165504 295
166016 319
166532 352
167048 384
167564 398
168076 415
168596 440
169108 451
169628 472
170140 483
170656 496
171172 510
171688 519
172200 527
172720 504
173232 472
173752 448
174264 423
174780 399
175296 384
175812 359
176324 348
176844 327
177356 318
177876 304
178388 287
178904 280
179420 271
179936 304
180448 327
180968 353
181480 384
182000 399
182512 415
183028 440
183544 455
184060 472
184572 483
185092 497
185604 511
186124 524
186636 524
187152 496
187668 467
188184 448
188696 415
189216 399
189728 384
190248 359
190760 344
191276 327
191792 316
192308 302
192820 287
193340 280
193852 280
194372 305
194884 335
195400 359
195916 384
196432 403
196944 423
197464 440
197976 455
198496 472
199008 487
199524 504
200036 512
200556 524
201068 519
201588 487
202100 463
202620 440
203132 415
203648 391
204160 384
204680 355
205192 344
205712 319
206224 312
206744 295
207256 287
207772 275
208284 284
208804 312
209316 335
209836 359
210348 384
210868 408
211380 423
211896 448
212408 462
212928 476
213440 487
213960 504
214480 515
214992 527
215508 513
216020 483
216540 455
217052 433
217572 412
218084 391
218604 376
219116 353
219632 335
220144 319
220664 312
221176 295
221696 284
222208 271
222728 287
223240 316
223756 344
224268 368
224788 387
225300 412
225820 432
226332 448
226852 463
227364 480
227880 496
228392 504
228912 515
229424 527
229944 510
230456 480
230976 455
231488 432
232004 408
232516 387
233036 368
233548 352
234068 335
234580 319
235100 305
235612 295
236128 284
236640 271
237160 287
237672 319
238192 348
238704 369
239220 391
239736 414
240252 432
240764 449
241284 463
241796 480
242316 496
242828 508
243344 519
243860 527
244376 504
244888 480
245408 449
245920 428
246440 408
246952 384
247468 368
247984 352
248500 334
249012 319
249532 304
250044 287
250564 280
251076 271
251592 295
252108 319
252624 352
253136 376
253656 398
254168 415
254688 440
255200 451
255716 472
256232 483
256748 496
257260 510
257780 519
258292 527
258812 504
259324 472
259840 448
260356 423
260872 399
261384 384
261904 359
262416 348
262936 327
263448 316
