24 515
536 487
1052 460
1568 433
2084 414
2596 391
3116 376
3628 353
4148 335
4660 319
5176 312
5692 295
6208 286
6720 312
7240 335
7752 359
8272 384
8784 408
9300 423
9816 448
10332 460
10844 476
11364 487
11876 504
12396 513
12908 496
13424 467
13940 448
14456 415
14968 398
15488 384
16000 359
16520 344
17032 327
17548 312
18064 302
18580 287
19092 295
19612 327
20124 352
20644 384
21156 399
21672 415
22188 440
22704 455
23216 472
23736 483
24248 497
24768 511
25280 504
25796 480
26312 449
26828 423
27348 408
27860 384
28380 368
28892 352
29408 334
29920 319
30440 304
30952 287
31472 287
31984 319
32504 344
33016 368
33532 391
34044 412
34564 432
35076 448
35596 463
36108 480
36628 496
37140 508
37656 512
38168 483
38688 455
39200 433
39720 412
40232 391
40752 371
41264 352
41780 335
42292 319
42812 312
43324 295
43844 286
44356 312
44876 335
45388 359
45904 384
46416 408
46936 423
47448 448
47968 462
48480 476
49000 487
49512 504
50028 513
50540 496
51060 463
51572 440
52092 415
52604 398
53124 384
53636 359
54152 344
54664 327
55184 312
55696 300
56216 287
56728 304
57248 327
57760 353
58276 384
58788 399
59308 415
59820 440
60340 455
60852 472
61372 483
61884 497
62400 511
62912 504
63432 476
63944 448
64464 423
64976 403
65496 384
66008 368
66524 352
67036 327
67556 318
68068 304
68588 287
69100 287
69620 319
70132 348
70648 369
71160 391
71680 414
72192 432
72712 449
73224 463
73744 480
74256 496
74772 508
75284 512
75804 481
76316 455
76836 432
77348 412
77868 391
78380 369
78896 352
79408 335
79928 319
80440 312
80960 295
81472 284
81992 312
82504 335
83020 359
83532 385
84052 408
84564 423
85084 448
85596 462
86116 480
86628 487
87144 504
87656 513
88176 492
88688 463
89208 440
89720 415
90240 396
90752 384
91268 359
91780 344
92300 319
92812 312
93332 295
93844 287
94364 304
94876 327
95392 355
95904 384
96424 399
96936 419
97456 440
97968 455
98488 472
99000 483
99516 499
100028 512
100548 504
101060 473
101580 448
102096 423
102612 399
103128 384
103640 364
104160 348
104672 327
105192 318
105704 304
106220 287
106736 291
107252 319
107764 348
108284 376
108796 391
109316 415
109828 432
110344 451
110860 463
111376 480
111888 496
112408 508
112920 511
113440 480
113952 455
114468 432
114984 408
115500 387
116012 369
116532 352
117044 335
117564 319
118076 307
118592 295
119108 284
119624 312
120136 344
120656 366
121168 387
121688 408
122200 428
122716 448
123232 463
123748 480
124260 487
124780 504
125292 515
125812 487
126324 463
126840 440
127356 415
127872 391
128384 384
128904 355
129416 344
129936 319
130448 312
130964 295
131480 287
132000 304
132512 327
133032 355
133544 384
134064 399
134576 419
135092 440
135604 455
136124 472
136636 487
137156 504
137668 512
138188 504
138700 472
139216 448
139728 423
140248 399
140760 384
141280 364
141792 348
142312 327
142824 316
143340 304
143852 287
144372 295
144884 319
145404 348
145916 376
146436 391
146948 415
147464 433
147976 449
148496 463
149008 480
149528 496
150040 508
150560 511
151072 481
151588 455
152100 432
152620 408
153132 387
153652 369
154164 352
154680 335
155196 319
155712 312
156224 295
156744 286
157260 316
157772 344
158292 368
158804 387
159324 408
159836 428
160356 448
160868 462
161384 480
161896 492
162416 504
162928 515
163448 487
163960 463
164480 440
164992 415
165508 391
166020 384
166540 355
167052 344
167572 319
168084 312
168604 295
169116 287
169632 304
170144 327
170664 355
171176 384
171696 399
172208 419
172728 440
173240 455
173756 472
174268 487
174788 504
175300 512
175820 499
176332 472
176852 448
177364 423
177880 399
178392 384
178912 364
179424 348
179944 327
180456 316
180976 304
181488 287
182004 295
182516 319
183036 352
183548 376
184068 391
184580 415
185100 433
185612 451
186128 467
186640 480
187160 496
187672 510
188192 510
188704 480
189224 451
189736 432
190252 408
190764 387
191284 368
191796 352
192316 335
192828 319
193348 305
193860 295
194376 286
194888 316
195408 344
195920 368
196440 387
196952 408
197472 428
197984 448
198500 463
199012 480
199532 494
200044 504
200564 515
201076 487
201596 463
202108 440
202624 415
203136 391
203656 376
204168 355
204688 344
205200 319
205720 312
206232 295
206748 287
207260 304
207780 332
208292 359
208812 384
209324 399
209844 423
210356 440
210872 455
211384 473
211904 487
212416 504
212936 512
213448 497
213968 472
214480 448
214996 419
215508 399
216028 384
216540 359
217060 348
217572 327
218092 316
218604 304
219120 287
219632 295
220152 319
220664 352
221184 376
221696 391
222216 415
222728 433
223244 451
223756 467
224276 481
224788 496
225308 510
225820 508
226340 480
226852 451
227368 430
227880 408
228400 385
228912 368
229432 352
229944 335
230464 319
230976 305
231492 291
232012 287
232524 316
233044 344
233556 368
234072 387
234588 412
235104 432
235616 448
236136 463
236648 480
237168 492
237680 504
238196 515
238712 487
239228 462
239740 440
240260 415
240772 391
241292 376
241804 355
242320 335
242836 319
243352 312
243864 295
244384 286
244896 305
245416 335
245928 359
246444 384
246960 399
247476 423
247988 440
248508 455
249020 476
249540 487
250052 504
250568 512
251084 496
251600 472
252112 448
252632 419
253144 399
253664 384
254176 359
254692 344
255208 327
255724 316
256236 304
256756 287
257268 295
257788 319
258300 352
258816 384
259332 398
259848 415
260360 440
260880 451
261392 472
261912 483
262424 496
262940 511
263456 508
