24 504
544 476
1056 448
1576 423
2088 403
2608 384
3120 368
3636 352
4148 334
4668 319
5180 304
5700 304
6212 327
6732 355
7244 384
7760 399
8272 419
8792 440
9304 455
9824 472
10336 487
10856 504
11368 487
11884 463
12396 440
12916 415
13428 391
13948 376
14460 355
14980 339
15492 319
16008 312
16520 295
17040 318
17552 344
18072 368
18584 391
19104 412
19616 432
20132 448
20644 463
21164 480
21676 494
22196 504
22708 476
23228 448
23740 423
24256 403
24768 384
25288 368
25800 352
26320 334
26832 318
27352 304
27864 304
28380 327
28892 355
29412 384
29924 399
30444 419
30956 440
31476 455
31988 472
32504 487
33016 499
33536 487
34048 463
34568 440
35080 415
35600 391
36112 384
36628 355
37140 339
37660 319
38172 312
38692 295
39204 318
39724 344
40236 368
40752 391
41264 412
41784 432
42296 448
42816 463
43328 480
43848 496
44360 504
44876 476
45388 449
45908 423
46420 408
46940 384
47452 368
47972 352
48484 334
49000 319
49512 304
50032 304
50544 327
51064 355
51576 384
52096 399
52608 419
53124 440
53636 455
54156 472
54668 483
55188 499
55700 487
56220 463
56736 440
57248 415
57768 391
58280 384
58800 355
59312 339
59828 319
60344 312
60860 295
61372 318
61892 344
62404 368
62924 391
63436 412
63952 432
64468 448
64984 463
65496 480
66016 496
66528 504
67048 476
67560 449
68076 423
68592 408
69108 384
69620 368
70140 352
70652 334
71172 319
71684 304
72200 304
72716 327
73232 355
73744 384
74264 399
74776 419
75296 440
75808 455
76324 472
76840 483
77356 497
77868 487
78388 463
78900 440
79420 415
79932 391
80448 384
80964 355
81480 344
81992 319
82512 312
83024 295
83544 318
84056 344
84572 368
85088 387
85604 412
86116 432
86636 448
87148 463
87668 480
88180 494
88696 504
89212 480
89728 449
90240 423
90760 408
91272 384
91792 368
92304 352
92820 334
93336 319
93852 304
94364 304
94884 327
95396 355
95916 384
96428 399
96944 419
97460 440
97976 455
98488 472
99008 487
99520 497
100040 487
100552 463
101068 440
101584 415
102100 391
102612 384
103132 355
103644 344
104164 319
104676 312
105192 295
105708 318
106224 344
106736 368
107256 387
107768 412
108288 432
108800 448
109316 463
109828 480
110348 494
110860 504
111380 480
111892 449
112412 428
112924 408
113440 384
113952 368
114472 352
114984 334
115504 319
116016 304
116536 304
117048 327
117564 353
118076 384
118596 399
119108 415
119628 440
120140 455
120660 472
121172 483
121688 497
122200 487
122720 463
123232 440
123752 415
124264 391
124784 384
125296 355
125812 344
126324 319
126844 312
127356 295
127876 316
128388 344
128908 368
129420 387
129936 412
130448 432
130968 448
131488 463
132004 480
132516 492
133036 504
133548 480
134068 449
134580 428
135096 408
135608 384
136128 368
136640 352
137160 334
137672 319
138192 304
138704 304
139220 327
139732 353
140252 384
140764 399
141284 415
141796 440
142316 455
142828 472
143344 483
143856 497
144376 492
144888 463
145408 440
145920 415
146440 391
146952 384
147468 355
147980 344
148500 319
149012 312
149532 295
150044 316
150564 344
151076 368
151592 387
152104 412
152624 432
153136 448
153656 463
154168 480
154688 492
155200 504
155716 480
156228 451
156748 428
157260 408
157780 384
158292 368
158812 352
159324 334
159840 319
160352 304
160872 304
161384 327
161904 353
162416 384
162936 399
163448 415
163964 440
164476 455
164996 472
165508 483
166028 497
166540 492
167060 463
167572 440
168088 415
168600 391
169120 384
169632 359
170152 344
170664 319
171184 312
171696 295
172212 316
172724 344
173244 368
173756 387
174276 409
174788 428
175304 448
175820 463
176336 480
176848 492
177368 504
177880 480
178400 451
178912 428
179428 408
179944 384
180460 368
180972 352
181492 334
182012 319
182524 305
183040 302
183556 327
184072 352
184584 384
185104 399
185616 415
186136 440
186648 455
187164 472
187680 483
188196 497
188708 492
189228 463
189740 440
190260 415
190772 391
191288 384
191804 359
192320 344
192832 319
193352 312
193864 295
194384 316
194896 344
195412 368
195928 387
196444 409
196956 428
197476 448
197988 463
198508 480
199020 492
199536 504
200052 480
200568 451
201080 428
201600 408
202112 384
202632 368
203144 352
203660 335
204176 319
204692 304
205204 300
205724 327
206236 352
206756 384
207268 399
207784 415
208300 440
208816 455
209328 472
209848 483
210360 497
210880 492
211392 463
211908 440
212424 415
212940 396
213452 384
213972 359
214484 344
215004 319
215516 312
216032 295
216544 313
217064 344
217576 368
218096 387
218608 408
219128 428
219640 448
220156 463
220668 480
221188 492
221700 504
222220 480
222732 451
223252 430
223764 408
224280 385
224792 368
225312 352
225824 335
226344 319
226856 305
227376 302
227888 327
228404 352
228916 384
229436 399
229948 415
230468 440
230980 455
231500 472
232012 483
232528 497
233040 494
233560 463
234072 440
234592 415
235104 396
235624 384
236136 359
236652 344
237164 319
237684 312
238196 300
238716 316
239228 344
239748 366
240260 385
240776 408
241288 428
241808 448
242320 462
242840 480
243352 492
243872 504
244384 480
244900 451
245412 432
245932 408
246444 385
246964 368
247476 352
247996 335
248508 319
249024 305
249536 295
250056 327
250568 352
251088 384
251600 399
252120 415
252632 440
253148 451
253660 472
254180 483
254692 496
255212 494
255724 463
256240 440
256752 415
257272 398
257788 384
258300 359
258820 344
259332 327
259852 312
260364 295
260884 312
261396 339
261912 368
262424 385
262944 408
263456 428
