24 7
136 31
248 63
360 88
472 113
584 135
696 159
816 192
928 207
1040 231
1152 255
1264 275
1376 295
1488 318
1600 335
1712 353
1824 384
1944 391
2056 408
2168 423
2280 448
2392 455
2504 476
2616 487
2732 504
2844 515
2960 536
3072 543
3184 560
3296 572
3408 575
3520 591
3632 608
3744 615
3856 632
3976 639
4088 639
4200 664
4312 671
4424 679
4536 689
4652 704
4764 707
4876 718
4992 728
5104 736
5216 739
5332 768
5444 768
5556 768
5668 769
5780 775
5892 783
6008 792
6124 798
6236 799
6348 807
6460 816
6572 824
6684 828
6796 831
6908 831
7028 839
7140 847
7252 856
7364 856
7476 864
7588 864
7700 871
7812 871
7924 880
8044 880
8156 888
8268 896
8380 896
8492 896
8604 897
8716 903
8828 903
8940 910
9060 911
9172 920
9284 920
9396 920
9508 924
9620 927
9732 927
9844 927
9960 935
10076 935
10188 940
10300 944
10412 944
10524 945
10640 952
10752 952
10864 952
10976 956
11092 960
11204 960
11320 960
11432 960
11544 961
11656 963
11768 967
11880 967
11992 967
12112 967
12224 972
12336 974
12448 975
12560 975
12672 975
12784 975
12896 984
13008 984
13128 984
13240 984
13352 984
13464 984
13576 988
13688 988
13800 992
13912 992
14024 992
14144 992
14256 992
14368 992
14480 993
14592 993
14704 995
14816 995
14928 995
15040 995
15160 999
15272 999
15384 999
15496 999
15608 999
15720 999
15836 1004
15948 1004
16060 1004
16176 1004
16288 1004
16400 1006
16516 1006
16628 1008
16740 1008
16852 1008
16964 1008
17076 1008
17192 1008
17308 1008
17420 1008
17532 1008
17644 1008
17756 1009
17868 1009
17980 1009
18092 1016
18204 1009
18320 1016
18432 1016
18544 1016
18656 1016
18768 1016
18880 1016
18992 1016
19104 1016
19216 1016
19336 1016
19448 1016
19560 1016
19672 1016
19784 1016
19896 1016
20008 1016
20120 1016
20236 1016
20352 1016
20464 1016
20576 1016
20688 1016
20800 1020
20916 1020
21028 1020
21140 1020
21252 1020
21368 1020
21480 1020
21596 1020
21708 1020
21820 1020
21932 1020
22044 1020
22156 1020
22268 1020
22388 1020
22500 1020
22612 1020
22724 1020
22836 1020
22948 1020
23060 1020
23172 1020
23284 1020
23404 1020
23516 1020
23628 1020
23740 1020
23852 1020
23964 1020
24076 1020
24188 1022
24300 1022
24420 1022
24532 1022
24644 1022
24756 1022
24868 1022
24980 1022
25092 1022
25204 1022
25316 1022
25436 1022
25548 1022
25660 1022
25772 1022
25884 1022
25996 1022
26112 1022
26224 1022
26336 1022
26452 1022
26564 1023
26676 1022
26792 1023
26904 1022
27016 1023
27128 1022
27240 1023
27352 1022
27468 1022
27584 1022
27696 1022
27808 1022
27920 1022
28032 1022
28144 1022
28256 1022
28368 1022
28488 1022
28600 1022
28712 1022
28824 1022
24 7
136 31
248 63
360 88
472 113
584 135
696 159
816 192
928 211
1040 231
1152 255
1264 280
1376 295
1488 318
1600 335
1712 353
1824 384
1944 391
2056 408
2168 423
2280 448
2392 455
2504 476
2616 487
2732 504
2844 515
2960 531
3072 543
3184 560
3296 572
3408 575
3520 591
3632 608
3744 615
3856 632
3976 639
4088 639
4200 664
4312 671
4424 679
4536 689
4652 704
4764 707
4876 718
4992 728
5104 736
5216 739
5332 768
5444 768
5556 768
5668 769
5780 775
5892 783
6008 792
6124 799
6236 799
6348 807
6460 816
6572 824
6684 828
6796 831
6908 831
7028 839
7140 847
7252 856
7364 856
7476 864
7588 864
7700 871
7812 871
7924 880
8044 881
8156 896
8268 896
8380 896
8492 896
8604 899
8716 903
8828 908
8940 911
9060 911
9172 920
9284 920
9396 924
9508 926
9620 927
9732 927
9844 927
9960 935
10076 935
10188 940
10300 944
10412 944
10524 944
10640 952
10752 952
10864 952
10976 960
11092 960
11204 960
11320 960
11432 960
11544 961
11656 963
11768 967
11880 967
11992 967
12112 972
12224 972
12336 975
12448 975
12560 975
12672 975
12784 975
12896 984
13008 984
13128 984
13240 984
13352 984
13464 984
13576 988
13688 988
13800 992
13912 992
14024 992
14144 992
14256 992
14368 992
14480 993
14592 993
14704 995
14816 995
14928 995
15040 995
15160 999
15272 999
15384 999
15496 999
15608 999
15720 999
15836 999
15948 999
16060 999
16176 1004
16288 1004
16400 1004
16516 1008
16628 1008
16740 1008
16852 1008
16964 1008
17076 1008
17192 1008
17308 1008
17420 1008
17532 1008
17644 1008
17756 1009
17868 1009
17980 1016
18092 1016
18204 1016
18320 1016
18432 1016
18544 1016
18656 1016
18768 1016
18880 1016
18992 1016
19104 1016
19216 1016
19336 1016
19448 1016
19560 1016
19672 1016
19784 1016
19896 1016
20008 1016
20120 1016
20236 1016
20352 1016
20464 1016
20576 1016
20688 1020
20800 1016
20916 1020
21028 1020
21140 1020
21252 1020
21368 1020
21480 1020
21596 1020
21708 1020
21820 1020
21932 1020
22044 1020
22156 1020
22268 1020
22388 1020
22500 1020
22612 1020
22724 1020
22836 1020
22948 1020
23060 1020
23172 1020
23284 1020
23404 1020
23516 1020
23628 1020
23740 1020
23852 1020
23964 1020
24076 1020
24188 1022
24300 1020
24420 1022
24532 1020
24644 1022
24756 1022
24868 1022
24980 1022
25092 1022
25204 1022
25316 1022
25436 1022
25548 1022
25660 1022
25772 1020
25884 1022
25996 1022
26112 1022
26224 1022
26336 1022
26452 1022
26564 1022
26676 1022
26792 1022
26904 1022
27016 1022
27128 1022
27240 1023
27352 1023
27468 1023
27584 1023
27696 1023
27808 1023
27920 1023
28032 1023
28144 1023
28256 1023
28368 1023
28488 1023
28600 1023
28712 1023
28824 1023
24 7
136 31
248 63
360 88
472 113
584 135
696 159
816 192
928 209
1040 231
1152 255
1264 280
1376 295
1488 318
1600 335
1712 353
1824 384
1944 391
2056 412
2168 423
2280 448
2392 455
2504 476
2616 487
2732 504
2844 515
2960 536
3072 543
3184 560
3296 572
3408 575
3520 600
3632 608
3744 620
3856 632
3976 639
4088 639
4200 664
4312 671
4424 679
4536 689
4652 704
4764 707
4876 718
4992 728
5104 736
5216 739
5332 768
5444 768
5556 768
5668 769
5780 775
5892 783
6008 792
6124 798
6236 799
6348 807
6460 816
6572 824
6684 828
6796 831
6908 831
7028 839
7140 847
7252 856
7364 856
7476 864
7588 864
7700 871
7812 871
7924 880
8044 880
8156 888
8268 896
8380 896
8492 896
8604 899
8716 903
8828 908
8940 911
9060 911
9172 920
9284 920
9396 924
9508 926
9620 927
9732 927
9844 927
9960 935
10076 935
10188 940
10300 944
10412 944
10524 952
10640 952
10752 952
10864 952
10976 960
11092 960
11204 960
11320 960
11432 961
11544 963
11656 963
11768 967
11880 967
11992 967
12112 972
12224 972
12336 974
12448 975
12560 975
12672 975
12784 975
12896 984
13008 984
13128 984
13240 984
13352 988
13464 988
13576 988
13688 992
13800 992
13912 992
14024 992
14144 992
14256 992
14368 992
14480 993
14592 993
14704 995
14816 995
14928 999
15040 999
15160 999
15272 999
15384 999
15496 999
15608 999
15720 999
15836 999
15948 1004
16060 1004
16176 1006
16288 1006
16400 1006
16516 1008
16628 1008
16740 1008
16852 1008
16964 1008
17076 1008
17192 1008
17308 1008
17420 1008
17532 1009
17644 1008
17756 1009
17868 1009
17980 1016
18092 1016
18204 1016
18320 1016
18432 1016
18544 1016
18656 1016
18768 1016
18880 1016
18992 1016
19104 1016
19216 1016
19336 1016
19448 1016
19560 1016
19672 1016
19784 1016
19896 1016
20008 1016
20120 1016
20236 1016
20352 1016
20464 1016
20576 1016
20688 1016
20800 1016
20916 1016
21028 1016
21140 1016
21252 1016
21368 1020
21480 1020
21596 1020
21708 1020
21820 1020
21932 1020
22044 1016
22156 1016
22268 1016
22388 1016
22500 1016
22612 1020
22724 1020
22836 1020
22948 1020
23060 1020
23172 1020
23284 1020
23404 1020
23516 1020
23628 1020
23740 1020
23852 1020
23964 1020
24076 1020
24188 1022
24300 1022
24420 1022
24532 1020
24644 1022
24756 1022
24868 1022
24980 1022
25092 1022
25204 1022
25316 1022
25436 1023
25548 1022
25660 1023
25772 1022
25884 1023
25996 1023
26112 1023
26224 1023
26336 1023
26452 1023
26564 1023
26676 1023
26792 1023
26904 1023
27016 1023
27128 1023
27240 1023
27352 1023
27468 1023
27584 1023
27696 1023
27808 1023
27920 1023
28032 1023
28144 1023
28256 1023
28368 1023
28488 1023
28600 1023
28712 1023
28824 1023
