20 1016
132 992
244 960
356 935
468 910
580 888
692 860
812 831
924 812
1036 792
1148 768
1260 748
1372 728
1484 705
1596 688
1708 670
1828 639
1940 632
2052 615
2164 600
2276 575
2388 568
2500 547
2612 536
2724 519
2844 504
2956 487
3068 480
3180 463
3292 451
3404 440
3520 428
3632 415
3744 408
3860 391
3972 384
4084 376
4200 359
4312 352
4424 344
4536 327
4648 319
4760 316
4876 305
4992 295
5104 287
5216 280
5328 271
5440 255
5552 255
5664 252
5776 248
5888 240
6008 231
6120 224
6232 220
6344 216
6456 207
6568 199
6680 195
6792 192
6904 188
7024 184
7136 176
7248 167
7360 163
7472 159
7584 158
7696 152
7808 152
7920 143
8040 135
8152 127
8264 127
8376 127
8488 127
8600 124
8716 120
8828 115
8940 112
9056 112
9168 103
9280 103
9396 99
9508 96
9620 96
9732 92
9844 92
9956 88
10072 88
10188 81
10300 79
10412 79
10524 71
10636 71
10748 71
10860 71
10972 63
11092 63
11204 63
11316 63
11428 62
11540 60
11652 60
11764 56
11876 56
11988 56
12108 49
12220 49
12332 48
12444 48
12556 48
12668 46
12780 39
12892 39
13004 39
13124 39
13236 39
13348 35
13460 35
13572 35
13684 31
13796 31
13912 31
14024 31
14140 31
14252 31
14364 30
14476 30
14588 28
14704 28
14816 28
14928 28
15040 24
15156 24
15268 24
15384 24
15496 24
15608 24
15720 24
15832 24
15944 19
16056 17
16176 17
16288 15
16400 15
16512 15
16624 15
16736 15
16848 15
16960 15
17072 15
17192 15
17304 15
17416 15
17528 14
17640 14
17752 14
17864 14
17976 7
18088 7
18208 7
18320 7
18432 7
18544 7
18656 7
18768 7
18880 7
18992 7
19104 7
19224 7
19336 7
19448 7
19560 7
19672 7
19784 7
19900 7
20012 7
20124 7
20240 7
20352 7
20464 7
20580 3
20692 3
20804 3
20916 3
21028 3
21140 3
21256 3
21372 3
21484 3
21596 3
21708 3
21820 3
21932 3
22044 3
22156 3
22268 3
22384 3
22496 1
22608 1
22720 1
22832 1
22944 1
23056 1
23168 1
23280 1
23400 1
23512 3
23624 1
23736 1
23848 1
23960 1
24072 1
24184 1
24300 0
24416 0
24528 1
24640 0
24752 0
24864 0
24980 0
25092 0
25204 0
25316 0
25432 0
25544 0
25660 0
25772 0
25884 0
25996 0
26108 0
26220 0
26332 0
26452 0
26564 0
26676 0
26788 0
26900 0
27012 0
27124 0
27236 0
27348 0
27468 0
27580 0
27692 0
27804 0
27916 0
28028 0
28140 0
28252 0
28364 0
28484 0
28596 0
28708 0
28820 0
20 1016
132 988
244 960
364 927
476 903
588 880
700 856
812 831
924 807
1036 783
1148 768
1260 743
1380 719
1492 704
1604 679
1716 664
1828 639
1940 625
2056 608
2168 591
2280 575
2396 560
2508 543
2620 527
2736 515
2848 504
2960 487
3072 476
3184 463
3296 448
3412 440
3528 423
3640 414
3752 399
3864 391
3976 384
4088 369
4200 359
4312 352
4432 344
4544 327
4656 319
4768 312
4880 304
4992 295
5104 287
5216 280
5328 271
5448 255
5560 255
5672 252
5784 243
5896 240
6008 231
6120 224
6232 220
6344 211
6464 207
6576 199
6688 193
6800 192
6912 184
7024 177
7136 176
7252 167
7364 163
7480 159
7592 156
7704 152
7816 145
7932 143
8044 135
8156 127
8268 127
8380 127
8496 124
8612 120
8724 120
8836 113
8948 112
9060 103
9172 103
9284 103
9396 99
9516 96
9628 96
9740 92
9852 88
9964 88
10076 88
10188 79
10300 79
10412 78
10524 71
10644 71
10756 71
10868 63
10980 63
11092 63
11204 63
11316 63
11428 62
11540 60
11660 56
11772 56
11884 56
11996 56
12108 49
12220 48
12332 48
12444 48
12556 48
12676 39
12788 39
12900 39
13012 39
13124 39
13236 39
13348 35
13460 35
13576 35
13692 31
13804 31
13916 31
14028 31
14140 31
14252 31
14368 30
14480 30
14592 28
14708 28
14820 28
14932 24
15048 24
15160 24
15272 24
15384 24
15496 24
15608 24
15724 24
15840 19
15952 19
16064 17
16176 15
16288 15
16400 15
16512 15
16624 15
16744 15
16856 15
16968 15
17080 15
17192 15
17304 14
17416 14
17528 14
17640 14
17760 14
17872 7
17984 12
18096 7
18208 7
18320 7
18432 7
18544 7
18656 7
18776 7
18888 7
19000 7
19112 7
19224 7
19336 7
19448 7
19560 7
19676 7
19792 7
19904 7
20016 7
20128 7
20240 7
20356 7
20468 3
20580 3
20692 3
20808 3
20920 3
21036 3
21148 3
21260 3
21372 3
21484 3
21596 3
21708 3
21828 3
21940 3
22052 3
22164 3
22276 3
22388 3
22500 1
22612 3
22724 1
22844 1
22956 1
23068 1
23180 1
23292 1
23404 1
23516 1
23628 1
23740 1
23860 0
23972 1
24084 0
24196 1
24308 0
24420 1
24532 0
24644 0
24756 0
24876 0
24988 1
25100 0
25212 1
25324 0
25436 0
25552 0
25664 0
25776 0
25892 0
26004 0
26116 0
26232 0
26344 0
26456 0
26568 0
26680 0
26792 0
26904 0
27020 0
27132 0
27244 0
27356 0
27468 0
27580 0
27692 0
27804 0
27916 0
28036 0
28148 0
28260 0
28372 0
28484 0
28596 0
28712 0
28824 0
20 1016
132 988
244 960
364 927
476 903
588 880
700 856
812 831
924 807
1036 783
1148 768
1260 743
1380 719
1492 704
1604 684
1716 664
1828 639
1940 632
2052 609
2164 591
2276 575
2396 560
2508 543
2620 527
2732 515
2844 504
2956 487
3068 476
3180 463
3292 448
3412 440
3524 423
3636 414
3748 399
3860 391
3972 384
4084 368
4200 359
4312 352
4428 335
4540 327
4652 319
4764 312
4880 304
4992 295
5104 287
5216 280
5328 271
5444 255
5560 255
5672 252
5784 241
5896 236
6008 227
6120 224
6232 216
6344 211
6464 206
6576 199
6688 193
6800 192
6912 184
7024 177
7136 176
7248 167
7360 163
7480 159
7592 156
7704 152
7816 143
7928 143
8040 135
8152 127
8264 127
8376 127
8496 124
8608 120
8720 120
8832 113
8944 112
9056 103
9168 103
9280 99
9396 97
9512 96
9624 96
9736 92
9848 88
9960 88
10076 83
10188 79
10300 79
10412 78
10528 71
10640 71
10756 71
10868 63
10980 63
11092 63
11204 63
11316 63
11428 60
11548 60
11660 56
11772 56
11884 56
11996 56
12108 49
12220 48
12332 48
12444 48
12564 48
12676 46
12788 39
12900 39
13012 39
13124 39
13236 39
13348 35
13460 35
13572 31
13692 31
13804 31
13916 31
14028 31
14140 31
14252 30
14364 30
14476 28
14592 28
14708 28
14820 28
14932 28
15044 24
15156 24
15268 24
15384 24
15496 24
15608 24
15724 24
15836 19
15948 17
16064 17
16176 17
16288 15
16400 15
16512 15
16624 15
16740 15
16856 15
16968 15
17080 15
17192 15
17304 15
17416 14
17528 14
17640 14
17760 14
17872 7
17984 7
18096 7
18208 7
18320 7
18432 7
18544 7
18656 7
18776 7
18888 7
19000 7
19112 7
19224 7
19336 7
19448 7
19560 7
19672 7
19792 7
19904 7
20016 7
20128 7
20240 3
20352 3
20464 3
20580 3
20692 3
20808 3
20920 3
21032 3
21144 3
21260 3
21372 3
21484 3
21596 3
21708 3
21824 3
21940 3
22052 3
22164 3
22276 1
22388 3
22500 1
22612 1
22724 1
22844 1
22956 1
23068 1
23180 1
23292 1
23404 1
23516 1
23628 1
23740 1
23860 1
23972 1
24084 0
24196 1
24308 0
24420 0
24532 0
24644 0
24756 0
24876 0
24988 0
25100 0
25212 0
25324 0
25436 0
25548 0
25660 0
25776 0
25892 0
26004 0
26116 0
26228 0
26340 0
26456 0
26568 0
26680 0
26792 0
26908 0
27020 0
27136 0
27248 0
27360 0
27472 0
27584 0
27696 0
27808 0
27928 0
28040 0
28152 0
28264 0
28376 0
28488 0
28600 0
28712 0
28824 0
