24 3
636 92
1256 167
1872 243
2484 312
3104 376
3716 423
4336 480
4952 527
5568 568
6184 608
6796 639
7416 671
8036 704
8648 728
9264 768
9876 775
10496 799
11116 816
11728 831
12344 856
12960 865
13576 880
14196 896
14808 903
15428 911
16040 924
16656 931
17276 942
17888 952
18508 960
19120 960
19740 967
20356 972
20968 975
21588 984
22200 984
22820 984
23436 988
24052 992
24668 992
25280 993
25900 999
26520 999
27132 999
27748 1004
28364 1008
28980 1008
29600 1008
30212 1009
30832 1016
31444 1016
32060 1016
32680 1016
33292 1016
33912 1016
34524 1016
35144 1016
35760 1020
36372 1020
36992 1020
37604 1020
38224 1022
38840 1022
39456 1022
40072 1022
40684 1022
41304 1022
41924 1022
42536 1022
43152 1022
43764 1023
44384 1023
45004 1023
45616 1023
46236 1023
46848 1023
47464 1023
48084 1023
48696 1023
49316 1023
49928 1023
50544 1023
51164 1023
51776 1023
52396 1023
53008 1023
53628 1023
54244 1023
54856 1023
55476 1023
56088 1023
56708 1023
57324 1023
57940 1023
58556 1023
59168 1023
59788 1023
60408 1023
61020 1023
61636 1023
62256 1023
62868 1023
63488 1023
64100 1023
64720 1023
65336 1023
65948 1023
66568 1023
67180 1023
67800 1023
68416 1023
69032 1023
69648 1023
70260 1023
70880 1023
71500 1023
72112 1023
72728 1023
73344 1023
73960 1023
74580 1023
75192 1023
75812 1023
76424 1023
77040 1023
77660 1023
78272 1023
78892 1023
79504 1023
80124 1023
80740 1023
81352 1023
81972 1023
82584 1023
83204 1023
83820 1023
84436 1023
85052 1023
85664 1023
86284 1023
86904 1023
87516 1023
88132 1023
88744 1023
89364 1023
89984 1023
90596 1023
91216 1023
91828 1023
92444 1023
93064 1023
93676 1023
94296 1023
94908 1023
95524 1023
96144 1023
96756 1023
97376 1023
97988 1023
98608 1023
99224 1023
99836 1023
100456 1023
101068 1023
101688 1023
102304 1023
102920 1023
103536 1023
104148 1023
104768 1023
105388 1023
106000 1023
106616 1023
107232 1023
107848 1023
108468 1023
109080 1023
109700 1023
110312 1023
110928 1023
111548 1023
112160 1023
112780 1023
113392 1023
114012 1023
114628 1023
115240 1023
115860 1023
116472 1023
117092 1023
117708 1023
118324 1023
118940 1023
119552 1023
120172 1023
120792 1023
121404 1023
122020 1023
122632 1023
123252 1023
123872 1023
124484 1023
125104 1023
125716 1023
126332 1023
126952 1023
127564 1023
128184 1023
128796 1023
129412 1023
130032 1023
130644 1023
131260 1023
131872 1023
132492 1023
133112 1023
133724 1023
134340 1023
134960 1023
135572 1023
136192 1023
136804 1023
137424 1023
138040 1023
138652 1023
139272 1023
139884 1023
140504 1023
141120 1023
141736 1023
142352 1023
142964 1023
143584 1023
144204 1023
144816 1023
145432 1023
146048 1023
146664 1023
147284 1023
147896 1023
148516 1023
149128 1023
149744 1023
150364 1023
150976 1023
151596 1023
152208 1023
152828 1023
153444 1023
154056 1023
154676 1023
155288 1023
155908 1023
156524 1023
157140 1023