20 1020
640 927
1252 847
1868 775
2488 711
3100 639
3720 591
4332 543
4948 496
5568 451
6180 415
6800 384
7412 348
8032 316
8648 287
9260 255
9880 241
10492 224
11112 199
11732 184
12344 167
12960 156
13572 142
14192 127
14812 120
15424 103
16040 97
16656 88
17272 79
17892 71
18504 63
19124 63
19736 56
20352 51
20972 48
21584 39
22204 39
22816 35
23436 31
24052 31
24664 28
25284 24
25896 24
26516 24
27132 17
27748 15
28364 15
28976 15
29596 12
30216 7
30828 7
31444 7
32060 7
32676 7
33296 7
33908 7
34528 3
35140 3
35756 3
36376 3
36988 1
37608 1
38220 1
38840 1
39456 0
40068 0
40688 1
41300 0
41920 0
42536 0
43152 0
43768 0
44380 0
45000 0
45620 0
46232 0
46848 0
47460 0
48080 0
48700 0
49312 0
49928 0
50548 0
51160 0
51780 0
52392 0
53012 0
53628 0
54240 0
54860 0
55472 0
56092 0
56712 0
57324 0
57940 0
58552 0
59172 0
59792 0
60404 0
61020 0
61636 0
62252 0
62872 0
63484 0
64104 0
64716 0
65332 0
65952 0
66564 0
67184 0
67796 0
68416 0
69032 0
69644 0
70264 0
70876 0
71496 0
72112 0
72728 0
73344 0
73956 0
74576 0
75196 0
75808 0
76424 0
77040 0
77656 0
78276 0
78888 0
79508 0
80120 0
80736 0
81356 0
81968 0
82588 0
83200 0
83820 0
84436 0
85048 0
85668 0
86280 0
86900 0
87516 0
88128 0
88748 0
89360 0
89980 0
90600 0
91212 0
91828 0
92440 0
93060 0
93680 0
94292 0
94908 0
95524 0
96140 0
96760 0
97372 0
97992 0
98604 0
99220 0
99840 0
100452 0
101072 0
101684 0
102304 0
102920 0
103532 0
104152 0
104764 0
105384 0
106000 0
106616 0
107232 0
107844 0
108464 0
109084 0
109696 0
110312 0
110928 0
111544 0
112164 0
112776 0
113396 0
114008 0
114624 0
115244 0
115856 0
116476 0
117088 0
117704 0
118324 0
118936 0
119552 0
120164 0
120784 0
121404 0
122016 0
122636 0
123252 0
123864 0
124484 0
125096 0
125716 0
126332 0
126948 0
127564 0
128176 0
128796 0
129416 0
130028 0
130644 0
131256 0
131876 0
132496 0
133108 0
133724 0
134340 0
134956 0
135576 0
136188 0
136808 0
137420 0
138036 0
138656 0
139268 0
139888 0
140500 0
141120 0
141736 0
142348 0
142968 0
143580 0
144200 0
144816 0
145432 0
146048 0
146660 0
147280 0
147900 0
148512 0
149128 0
149744 0
150360 0
150980 0
151592 0
152212 0
152824 0
153440 0
154060 0
154672 0
155292 0
155904 0
156524 0
157140 0
