20 830
132 799
252 782
364 768
476 736
588 716
700 696
812 671
924 655
1036 639
1148 624
1268 608
1380 588
1492 572
1604 556
1716 542
1828 527
1940 512
2052 499
2164 487
2284 472
2396 462
2508 448
2620 440
2732 423
2844 415
2956 408
3068 398
3184 385
3300 384
3412 368
3524 359
3636 352
3748 344
3864 335
3976 327
4088 319
4200 316
4316 305
4428 300
4544 291
4656 287
4768 284
4880 275
4992 271
5104 295
5216 319
5336 344
5448 364
5560 384
5672 408
5784 423
5896 448
6008 463
6120 480
6232 496
6352 513
6464 529
6576 543
6688 560
6800 575
6912 591
7024 608
7136 615
7248 632
7368 639
7480 655
7592 665
7704 671
7816 688
7928 697
8040 707
8152 718
8264 728
8384 736
8496 743
8608 768
8720 768
8832 768
8944 775
9060 783
9172 792
9284 798
9400 799
9512 812
9624 817
9740 824
9852 830
9964 831
10076 816
10188 792
10300 769
10412 748
10528 728
10640 704
10752 688
10864 668
10976 639
11088 632
11200 611
11312 600
11424 575
11544 568
11656 547
11768 536
11880 519
11992 508
12104 496
12220 480
12332 472
12444 455
12560 448
12672 432
12784 419
12900 412
13012 399
13124 391
13236 384
13348 376
13460 366
13576 353
13692 348
13804 339
13916 327
14028 319
14140 318
14252 312
14364 304
14476 295
14596 287
14708 286
14820 280
14932 271
15044 284
15156 305
15268 327
15380 352
15492 376
15612 391
15724 415
15836 433
15948 451
16060 472
16172 487
16284 508
16396 519
16508 540
16628 551
16740 568
16852 583
16964 600
17076 609
17188 624
17300 636
17412 639
17528 664
17644 671
17756 684
17868 696
17980 704
18092 711
18208 719
18320 736
18432 739
18544 752
18660 768
18772 768
18888 771
19000 782
19112 783
19224 796
19336 799
19448 807
19560 816
19680 824
19792 828
19904 831
20016 828
20128 799
20240 780
20352 768
20464 736
20576 716
20696 696
20808 671
20920 655
21032 639
21144 622
21256 604
21368 588
21480 572
21592 556
21712 540
21824 527
21936 512
22048 497
22160 483
22272 472
22384 462
22496 448
22608 440
22728 423
22840 415
22952 408
23064 391
23176 385
23288 384
23404 368
23516 359
23628 352
23744 344
23856 335
23968 327
24084 319
24196 313
24308 305
24420 302
24532 291
24644 287
24760 280
24876 275
24988 271
25100 295
25212 319
25324 344
25436 364
25548 384
25660 408
25772 423
25888 448
26000 463
26112 480
26224 497
26336 513
26448 527
26560 543
26672 560
26784 575
26904 591
27016 608
27128 615
27240 632
27352 639
27464 655
27576 668
27688 675
27804 688
27920 704
28032 707
28144 718
28256 728
28368 736
28484 743
28596 768
28708 768
28820 768
28940 775
29052 783
29164 792
29276 799
29388 799
29508 812
29620 817
29732 824
29844 830
29956 831
30068 812
30180 792
30292 768
30404 743
30516 719
30636 704
30748 679
30860 664
30972 639
31084 625
31196 608
31308 591
31420 575
31536 560
31652 543
31764 531
31876 515
31988 504
32100 487
32212 480
32324 463
32436 451
32548 444
32668 432
32780 415
32892 408
33004 399
33116 387
33228 384
33340 369
33456 359
33568 353
33684 344
33796 335
33908 327
34020 319
34136 316
34248 312
34360 304
34472 295
34584 287
34700 284
34816 280
34928 271
35040 287
35152 312
35264 334
35376 353
35488 384
35600 398
35720 415
35832 440
35944 455
36056 476
36168 492
36280 510
36392 524
36504 542
36616 556
36736 572
36848 583
36960 600
37072 611
37184 624
37296 638
37408 639
37520 664
37632 671
37752 684
37864 696
37976 704
38088 711
38200 728
38312 736
38424 739
38536 752
38652 768
38768 768
38880 775
38992 782
39104 792
39216 796
39332 799
39444 807
39556 816
39668 824
39784 828
39896 831
40012 824
40124 798
40236 775
40348 768
40460 732
40572 707
40684 689
40804 671
40916 652
41028 632
41140 615
41252 600
41364 575
41476 568
41588 551
41700 540
41820 519
41932 508
42044 496
42156 481
42268 472
42380 455
42492 448
42604 433
42716 423
42836 414
42948 399
43060 391
43172 384
43284 376
43396 368
43508 355
43620 352
43732 344
43852 334
43964 319
44076 319
44188 312
44300 304
44412 295
44528 287
44640 287
44752 280
44868 271
44980 280
45092 304
45208 319
45320 348
45432 368
45544 387
45656 408
45768 430
45884 448
46000 465
46112 483
46224 504
46336 519
46448 536
46560 551
46672 568
46784 575
46896 591
47012 608
47124 620
47236 632
47348 639
47460 655
47572 668
47684 679
47796 688
47908 704
48028 707
48140 719
48252 728
48364 736
48476 743
48588 768
48700 768
48812 768
48928 775
49044 783
49156 792
49268 799
49380 807
49492 812
49608 824
49720 824
49832 831
49944 831
50060 807
50172 783
50288 768
50400 739
50512 719
50624 704
50736 679
50848 664
50960 639
51080 624
51192 608
51304 590
51416 574
51528 560
51640 543
51752 527
51864 513
51976 504
52096 487
52208 476
52320 463
52432 451
52544 440
52656 432
52768 415
52880 408
52992 399
53112 387
53224 384
53336 369
53448 359
53560 352
53672 344
53784 335
53896 327
54008 319
54128 316
54240 307
54352 302
54464 295
54576 287
54688 284
54804 280
54916 271
55028 287
55144 316
55256 335
55368 359
55484 384
55596 399
55708 419
55820 440
55932 455
56044 480
56160 496
56276 511
56388 527
56500 543
56612 560
56724 574
56836 588
56948 600
57060 615
57180 632
57292 639
57404 652
57516 664
57628 671
57740 688
57848 688
57960 704
58076 707
58188 719
58304 728
58416 736
58528 743
58640 768
58756 768
58868 769
58980 775
59092 783
59204 792
59320 799
59436 807
59548 812
59660 817
59772 824
59884 831
59996 831
60108 816
60220 792
60340 768
60452 743
60564 719
60676 704
60788 684
60900 664
61012 639
61124 632
61236 609
61356 591
61468 575
61580 560
61692 543
61804 536
61916 515
62028 504
62140 492
62252 480
62372 463
62484 455
62596 448
62708 432
62820 419
62932 412
63044 399
63156 391
63272 384
63388 371
63500 359
63612 353
63724 348
63836 335
63952 327
64064 319
64176 318
64288 312
64404 304
64516 295
64632 287
64744 284
64856 280
64968 271
65080 286
65192 312
65304 327
65424 353
65536 384
65648 398
65760 415
65872 440
65984 455
66096 472
66208 492
66320 508
66432 526
66552 540
66664 556
66776 572
66888 583
67000 600
67112 609
67224 624
67336 638
67448 639
67568 664
67680 671
67792 684
67904 696
68016 704
68128 711
68240 719
68352 736
68464 739
68584 768
68696 768
68808 768
68920 775
69032 782
69144 792
69256 796
69368 799
69480 807
69600 816
69712 824
69824 828
69936 831
70048 828
70160 799
70272 780
70388 768
70500 736
70616 711
70728 696
70840 671
70952 655
71068 638
71180 620
71292 604
71404 583
71516 572
71632 556
71748 540
71860 526
71972 512
72084 497
72196 483
72308 472
72420 462
72532 448
72652 440
72764 423
72876 415
72988 408
73100 391
73212 384
73324 384
73436 368
73548 359
73668 352
73780 344
73892 335
74004 327
74116 319
74228 312
74340 305
74452 295
74564 291
74684 287
74796 280
74908 275
75020 271
75132 295
75244 319
75356 344
75468 359
75584 384
75700 408
75812 423
75924 448
76036 463
76148 480
76264 497
76376 513
76488 527
76600 543
76716 561
76828 575
76944 591
77056 608
77168 615
77280 632
77392 639
77504 655
77616 668
77736 675
77848 688
77960 704
78072 707
78184 719
78296 728
78408 736
78520 743
78632 768
78752 768
78864 769
78976 775
79088 783
79200 792
79312 799
79424 807
79536 812
79648 817
79768 824
79880 830
79992 831
80104 816
80216 792
80328 768
80440 748
80552 728
80664 704
80784 688
80896 668
81008 639
81120 632
81232 611
81344 595
81460 575
81572 568
81684 547
81800 536
81912 519
82024 508
82140 494
82252 480
82364 467
82476 455
82588 448
82700 432
82812 419
82928 412
83040 399
83152 391
83264 384
83376 376
83488 364
83600 355
83712 348
83824 339
83944 327
84056 319
84168 318
84280 312
84392 304
84504 295
84620 287
84732 284
84844 280
84960 271
85072 284
85184 305
85300 327
85412 352
85524 376
85636 391
85748 414
85860 432
85976 455
86092 472
86204 487
86316 508
86428 519
86540 540
86652 551
86768 575
86884 591
86996 608
87108 615
87220 632
87332 639
87448 655
87564 668
87676 675
87788 688
87900 704
88012 707
88124 718
88236 728
88348 736
88468 743
88580 768
88692 768
88804 769
88916 775
89028 783
89140 792
89252 799
89364 803
89484 812
89596 817
89708 824
89820 831
89932 831
90044 812
90156 792
90268 768
90380 743
90500 719
90612 704
90724 679
90836 664
90948 639
91060 632
91172 608
91284 591
91400 575
91516 560
91628 543
91740 527
91852 515
91964 504
92080 487
92192 480
92304 463
92416 455
92532 440
92644 432
92760 415
92872 408
92984 399
93096 387
93208 384
93320 371
93432 359
93552 352
93664 344
93776 335
93888 327
94000 319
94112 316
94224 312
94336 304
94448 295
94568 287
94680 284
94792 280
94904 271
95016 287
95128 312
95240 334
95352 353
95464 384
95584 398
95696 415
95808 440
95920 455
96032 472
96144 487
96256 508
96368 524
96480 540
96600 556
96712 572
96824 583
96936 600
97048 611
97160 624
97276 638
97388 639
97500 664
97616 671
97728 684
97840 696
97952 704
98068 711
98180 719
98292 736
98404 739
98516 752
98628 768
98744 768
98856 775
98968 782
99080 792
99192 796
99304 799
99416 807
99528 816
99640 824
99760 828
99872 831
99984 824
100096 799
100208 775
100320 768
100432 736
100548 711
100660 696
100776 671
100888 654
101000 636
101112 615
101228 600
101340 583
101452 568
101564 551
101676 540
101792 524
101908 510
102020 496
102132 481
102244 472
102356 455
102468 448
102580 435
102692 423
102812 414
102924 403
103036 391
103148 384
103260 384
103372 368
103484 355
103596 352
103708 344
103828 334
103940 319
104052 319
104164 312
104276 305
104388 295
104500 291
104612 287
104724 280
104844 271
104956 271
105068 295
105180 319
105292 344
105404 368
105516 385
105628 408
105744 423
105860 448
105972 463
106084 481
106196 504
106308 515
106424 536
106536 543
106648 561
106760 575
106876 591
106988 608
107104 620
107216 632
107328 639
107440 655
107552 668
107664 679
107776 688
107896 704
108008 707
108120 719
108232 728
108344 736
108456 748
108568 768
108680 768
108792 769
108912 775
109024 783
109136 792
109248 799
109360 807
109472 812
109584 817
109696 824
109808 831
109928 831
110040 807
110152 783
110264 768
110376 743
110488 719
110600 704
110712 679
110824 664
110944 639
111056 625
111168 608
111280 591
111392 575
111504 560
111620 543
111732 527
111844 515
111960 504
112072 487
112184 480
112300 463
112412 451
112524 440
112636 432
112748 415
112860 409
112976 399
113092 387
113204 384
113316 369
113428 359
113540 352
113652 344
113764 335
113876 327
113988 319
114104 316
114216 312
114328 304
114440 295
114552 287
114664 284
114776 280
114888 271
115000 286
115120 312
115232 334
115344 355
115456 384
115568 398
115684 391
115796 412
115908 432
116020 449
116132 467
116252 487
116364 504
116476 519
116588 536
116700 551
116812 568
116924 575
117040 591
117152 608
117268 624
117380 636
117492 639
117604 655
117720 670
117832 679
117944 689
118056 704
118168 711
118284 719
118400 729
118512 737
118624 748
118736 768
118848 768
118960 771
119072 775
119184 783
119304 792
119416 799
119528 807
119640 814
119752 824
119864 824
119976 831
120088 831
120200 812
120320 783
120432 768
120544 743
120656 719
120768 704
120880 679
120992 664
121104 639
121216 625
121328 608
121448 591
121560 575
121672 560
121784 543
121896 527
122008 515
122120 504
122236 487
122348 480
122464 463
122576 451
122688 448
122800 432
122912 415
123024 408
123136 399
123248 387
123360 384
123480 369
123592 359
123704 353
123816 345
123928 335
124040 327
124152 319
124268 318
124380 312
124496 304
124608 295
124720 287
124832 284
124948 280
125060 271
125172 287
125284 312
125396 334
125512 355
125628 384
125740 399
125852 415
125964 440
126076 455
126188 476
126300 492
126412 510
126532 527
126644 543
126756 558
126868 572
126980 583
127092 600
127204 611
127316 624
127428 638
127548 639
127660 664
127772 671
127884 684
127996 696
128108 704
128220 711
128332 719
128444 736
128564 739
128676 752
128788 768
128900 768
129012 775
129124 783
129236 792
129348 798
129464 799
129580 807
129692 816
129804 824
129916 828
130028 831
130144 824
130256 799
130368 775
130480 768
130596 736
130708 711
130824 696
130936 671
131048 654
131160 636
131272 615
131384 600
131496 583
131616 568
131728 551
131840 540
131952 524
132064 511
132176 496
132288 483
132400 472
132512 455
132632 448
132744 440
132856 423
132968 415
133080 408
133192 391
133304 385
133416 384
133528 368
133648 355
133760 352
133872 344
133984 335
134096 327
134208 319
134320 312
134432 305
134544 295
134664 287
134776 287
134888 280
135000 271
135112 271
135224 295
135340 319
135452 344
135564 368
135680 387
135792 408
135904 428
136020 448
136132 463
136244 481
136356 504
136468 515
136580 536
136696 547
136812 568
136924 575
137036 591
137148 608
137260 620
137372 632
137484 639
137596 655
137708 668
137824 675
137936 688
138048 704
138160 707
138272 719
138384 728
138496 736
138608 743
138720 768
138840 768
138952 768
139064 775
139176 783
139288 792
139400 799
139512 799
139624 812
139740 816
139856 824
139968 830
140080 831
140192 816
140304 792
140420 769
140532 750
140644 728
140756 705
140872 688
140984 668
141100 639
141212 632
141324 611
141436 600
141548 575
141660 568
141772 547
141892 536
142004 519
142116 504
142228 492
142340 480
142452 467
142564 455
142676 448
142788 432
142908 419
143020 412
143132 399
143244 391
143356 384
143468 376
143580 364
143692 355
143804 348
143924 337
144036 332
144148 319
144260 319
144372 312
144484 304
144600 295
144712 287
144824 287
144944 280
145056 271
145168 280
145280 304
145392 319
145504 348
145616 368
145728 387
145840 408
145952 432
146072 448
146184 465
146296 483
146408 504
146520 519
146632 536
146744 551
146856 568
146972 575
147088 591
147200 608
147312 620
147424 632
147536 639
147648 655
147760 668
147872 679
147984 688
148104 704
148216 711
148328 719
148440 728
148552 737
148664 743
148776 768
148892 768
149004 769
149120 775
149232 783
149344 792
149456 799
149572 807
149684 812
149796 817
149908 824
150020 830
150136 831
150252 807
150364 783
150476 768
150588 743
150700 719
150812 704
150924 679
151036 664
151156 639
151268 624
151380 608
151492 591
151604 575
151716 560
151828 543
151940 527
152052 515
152172 504
152284 487
152396 480
152508 463
152620 451
152732 448
152844 432
152956 415
153068 408
153188 399
153300 387
153412 384
153524 369
153636 359
153748 352
153860 344
153972 335
154088 327
154204 319
154316 316
154428 312
154540 304
154652 295
154768 287
154880 284
154992 280
155104 271
155220 287
155332 312
155448 334
155560 355
155672 384
155784 399
155896 415
156008 440
156120 455
156240 476
156352 492
156464 510
156576 526
156688 543
156800 556
156912 572
157024 583
157136 600
157256 611
157368 625
157480 639
157592 639
157704 664
157816 671
157928 684
158040 696
158152 704
158272 711
158384 728
158496 736
158608 739
158720 752
158832 768
158944 768
159056 775
159168 782
159288 792
159400 796
159512 799
159624 807
159736 816
159848 824
159964 828
160076 831
160188 828
160304 799
160416 780
160528 768
160644 736
160756 711
160868 696
160980 671
161092 655
161204 638
161320 620
161436 604
161548 583
161660 572
161772 556
161884 540
161996 526
162108 511
162220 497
162332 483
162448 472
162560 462
162672 448
162784 440
162896 423
163008 415
163120 408
163232 396
163344 385
163464 384
163576 368
163688 359
163800 352
163912 344
164024 335
164136 327
164248 319
164364 312
164480 305
164592 295
164704 291
164816 287
164928 280
165044 275
165156 271
165268 295
165380 318
165496 344
165608 359
165724 384
165836 408
165948 423
166060 448
166172 463
166284 480
166396 496
166516 513
166628 527
166740 543
166852 560
166964 575
167076 591
167188 604
167300 615
167412 632
167532 639
167644 655
167756 664
167868 675
167980 688
168092 697
168204 705
168316 718
168428 728
168548 736
168660 743
168772 768
168884 768
168996 768
169108 775
169220 783
169332 792
169444 799
169564 799
169676 812
169788 816
169900 824
170012 830
170124 831
170240 816
170352 796
170464 769
170580 748
170692 728
170804 704
170920 688
171032 668
171144 639
171256 632
171368 611
171480 600
171596 575
171712 568
171824 547
171936 536
172048 519
172160 508
172272 496
172384 480
172496 467
172616 455
172728 448
172840 432
172952 423
173064 412
173176 399
173288 391
173400 384
173516 359
173628 352
173740 344
173852 335
173964 327
174076 319
174196 316
174308 307
174420 304
174532 295
174644 287
174756 284
174868 280
174984 271
175096 287
175212 312
175324 335
175436 355
175548 384
175664 399
175776 415
175888 440
176000 455
176112 476
176228 492
176344 510
176456 527
176568 542
176680 558
176792 572
176904 583
177016 600
177128 611
177248 625
177360 639
177472 652
177584 664
177696 671
177808 684
177920 696
178032 704
178144 711
178264 728
178376 736
178488 743
178600 768
178712 768
178824 768
178936 775
179048 783
179160 792
179272 798
179392 799
179504 807
179616 816
179728 824
179840 828
179952 831
180064 824
180180 799
180292 775
180408 768
180520 732
180632 711
180744 689
180856 671
180968 654
181080 636
181192 615
181304 600
181424 575
181536 568
181648 551
181760 536
181872 519
181984 510
182100 496
182212 481
182324 472
182440 455
182552 448
182664 433
182780 423
182892 414
183004 403
183116 391
183228 384
183340 384
183456 368
183572 355
183684 352
183796 344
183908 334
184020 319
184132 319
184244 312
184356 304
184476 295
184588 287
184700 287
184812 280
184924 271
185036 271
185148 295
185260 319
185372 344
185492 368
185604 385
185716 408
185828 423
185940 448
186052 463
186164 481
186276 499
186388 515
186508 536
186620 547
186732 563
186844 575
186956 591
187068 608
187180 615
187296 632
187408 639
187524 655
187636 668
187748 679
187860 688
187976 704
188088 707
188200 719
188312 728
188424 736
188540 743
188656 768
188768 768
188880 769
188992 775
189104 783
189216 792
189328 799
189440 803
189560 812
189672 817
189784 824
189896 831
190008 831
190120 814
190232 792
190344 768
190456 743
190576 719
190688 704
190800 679
190912 664
191024 639
191136 625
191248 608
191360 591
191472 575
191592 560
191704 543
191816 529
191928 515
192040 504
192152 487
192264 480
192376 463
192492 451
192608 440
192720 432
192832 415
192944 408
193056 399
193172 387
193284 384
193396 369
193508 359
193624 352
193736 344
193852 335
193964 327
194076 319
194188 316
194300 312
194412 304
194524 295
194644 287
194756 284
194868 280
194980 271
195092 286
195204 312
195316 332
195428 353
195540 384
195652 398
195772 415
195884 440
195996 455
196108 472
196220 492
196332 508
196444 526
196556 540
196668 556
196788 572
196900 583
197012 600
197124 611
197236 624
197348 638
197460 639
197572 664
197688 671
197804 684
197916 696
198028 704
198140 711
198252 728
198368 736
198480 739
198592 752
198704 768
198820 768
198932 775
199048 783
199160 792
199272 796
199384 799
199496 807
199608 816
199720 824
199840 828
199952 831
200064 824
200176 799
200288 775
200400 768
200512 736
200624 711
200736 696
200856 671
200968 654
201080 636
201192 615
201304 600
201416 583
201528 568
201640 551
201752 540
201872 524
201984 511
202096 496
202208 483
202320 472
202440 476
202552 463
202664 449
202776 440
202888 428
203000 415
203112 408
203232 398
203344 385
203456 384
203568 368
203680 359
203792 352
203904 344
204016 335
204128 327
204248 319
204360 316
204472 305
204584 302
204696 291
204808 287
204920 284
205032 280
205148 271
205264 287
205376 316
205488 335
205600 359
205712 384
205828 399
205940 419
206052 440
206164 455
206280 480
206392 496
206508 512
206620 527
206732 543
206844 560
206956 574
207068 583
207180 600
207300 615
207412 625
207524 639
207636 652
207748 664
207860 671
207972 686
208084 696
208196 704
208316 716
208428 728
208540 736
208652 743
208764 768
208876 768
208988 768
209100 775
209212 783
209332 792
209444 798
209556 799
209668 807
209780 816
209892 824
210004 830
210116 831
210228 824
210348 798
210460 775
210572 768
210684 736
210796 711
210908 689
211024 671
211136 654
211248 636
211364 615
211476 600
211588 575
211704 568
211816 551
211928 536
212040 524
212152 510
212264 496
212380 481
212496 472
212608 455
212720 448
212832 435
212944 423
213056 415
213168 403
213280 391
213400 384
213512 384
213624 368
213736 359
213848 352
213960 344
214072 334
214184 327
214296 319
214416 312
214528 304
214640 295
214752 287
214864 287
214976 280
215088 271
215200 271
215312 295
215432 319
215544 348
215656 368
215768 387
215880 408
215992 430
216104 448
216220 463
216332 481
216448 504
216560 519
216672 536
216784 551
216900 568
217012 575
217124 591
217236 608
217348 620
217464 632
217580 639
217692 655
217804 668
217916 679
218028 688
218140 704
218252 707
218364 719
218476 728
218596 736
218708 743
218820 768
218932 768
219044 769
219156 775
219268 783
219380 792
219492 799
219612 807
219724 814
219836 817
219948 824
220060 831
220172 831
220284 812
220396 783
220508 768
220628 739
220740 719
220852 704
220964 679
221076 664
221188 639
221300 624
221412 608
221528 591
221644 575
221756 560
221868 543
221980 527
222092 515
222208 504
222320 487
222432 480
222544 463
222660 451
222772 441
222888 432
223000 415
223112 408
223224 399
223336 387
223448 384
223560 369
223680 359
223792 352
223904 344
224016 335
224128 327
224240 319
224352 316
224464 312
224576 304
224696 295
224808 287
224920 284
225032 280
225144 271
225256 287
225368 312
225480 332
225592 353
225712 384
225824 398
225936 415
226048 440
226160 455
226272 476
226384 492
226496 510
226608 524
226728 542
226840 556
226952 572
227064 583
227176 600
227288 611
227404 624
227516 638
227628 639
227744 664
227856 671
227968 684
228084 696
228196 704
228308 711
228420 719
228532 736
228644 739
228760 752
228876 768
228988 768
229100 775
229212 782
229324 792
229436 796
229548 799
229660 807
229780 816
229892 824
230004 828
230116 831
230228 828
230340 799
230452 780
230564 768
230676 736
230796 711
230908 696
231020 671
231132 655
231244 639
