24 705
136 688
248 668
360 639
472 632
584 615
696 600
816 575
928 568
1040 551
1152 536
1264 519
1376 508
1488 496
1600 480
1712 472
1832 455
1944 448
2056 432
2168 423
2280 412
2392 399
2504 391
2616 414
2728 432
2848 451
2960 472
3072 487
3184 508
3296 519
3408 540
3520 551
3632 568
3744 575
3864 600
3976 609
4088 624
4200 636
4312 639
4424 655
4540 671
4652 679
4764 696
4880 704
4992 711
5104 696
5220 671
5332 655
5444 638
5556 620
5668 604
5780 583
5896 568
6012 551
6124 540
6236 524
6348 511
6460 496
6572 483
6684 472
6796 455
6916 448
7028 440
7140 423
7252 415
7364 408
7476 391
7588 408
7700 428
7812 448
7932 463
8044 483
8156 504
8268 515
8380 536
8492 547
8604 568
8716 575
8828 591
8948 608
9060 620
9172 632
9284 639
9396 655
9508 668
9620 679
9736 688
9848 704
9964 707
10076 696
10188 675
10300 655
10416 639
10528 624
10640 608
10752 590
10864 574
10980 558
11096 543
11208 527
11320 512
11432 504
11544 487
11656 476
11768 463
11880 449
12000 440
12112 428
12224 415
12336 408
12448 398
12560 403
12672 423
12784 448
12896 462
13016 480
13128 496
13240 513
13352 527
13464 543
13576 560
13688 575
13800 591
13912 604
14032 615
14144 632
14256 639
14368 654
14480 665
14592 671
14704 688
14816 696
14932 705
15048 704
15160 679
15272 664
15384 639
15496 625
15612 609
15724 591
15836 575
15948 560
16064 543
16176 529
16292 515
16404 504
16516 487
16628 480
16740 463
16852 451
16964 448
17076 432
17192 415
17304 412
17416 399
17528 398
17640 415
17752 440
17864 455
17976 476
18088 492
18208 510
18320 526
18432 542
18544 558
18656 572
18768 583
18880 600
18992 611
19104 624
19224 639
19336 639
19448 664
19560 671
19672 684
19784 696
19896 704
20012 711
20124 689
20240 670
20352 639
20464 632
20576 615
20692 600
20804 575
20916 568
21028 551
21140 536
21256 519
21372 508
21484 496
21596 480
21708 472
21820 455
21932 448
22044 433
22156 423
22276 414
22388 399
22500 391
22612 412
22724 432
22836 449
22948 472
23060 487
23172 504
23292 519
23404 536
23516 551
23628 568
23740 575
23852 591
23964 608
24076 624
24188 636
24308 639
24420 655
24532 670
24644 679
24756 689
24868 704
24980 711
25092 696
25204 671
25324 655
25436 638
25548 620
25660 604
25772 583
25884 572
26000 556
26112 542
26224 527
26340 512
26452 497
26564 483
26680 472
26792 462
26904 448
27016 440
27128 423
27240 415
27356 408
27472 391
27584 408
27696 423
27808 448
27920 463
28032 480
28144 497
28256 515
28376 536
28488 543
28600 561
28712 575
28824 591
28948 608
29060 615
29172 632
29284 639
29396 654
29508 664
29620 675
29740 688
29852 696
29964 707
30076 704
30188 679
30300 664
30412 639
30524 627
30636 609
30756 591
30868 575
30980 560
31092 543
31204 531
31316 519
31428 504
31540 487
31652 480
31772 463
31884 451
31996 441
32108 432
32220 415
32332 409
32444 399
32556 399
32668 415
32784 440
32900 455
33012 476
33124 496
33236 510
33348 527
33464 543
33576 560
33688 572
33800 583
33916 600
34028 611
34144 625
34256 639
34368 639
34480 664
34592 671
34704 684
34816 696
34936 704
35048 707
35160 688
35272 670
35384 639
35496 632
35608 615
35720 600
35832 575
35952 568
36064 547
36176 536
36288 519
36400 508
36512 496
36624 480
36736 472
36848 455
36968 448
37080 432
37192 423
37304 412
37416 399
37528 391
37640 414
37752 433
37864 451
37984 472
38096 487
38208 504
38320 519
38432 540
38544 551
38660 568
38772 575
38884 600
39000 609
39112 624
39224 636
39340 639
39452 655
39564 671
39676 679
39788 696
39900 704
40016 711
40132 696
40244 671
40356 655
40468 636
40580 620
40692 604
40804 583
40916 572
41036 551
41148 540
41260 526
41372 511
41484 497
41596 483
41708 472
41820 460
41932 448
42052 440
42164 423
42276 415
42388 408
42500 391
42612 408
42724 428
42836 448
42948 463
43068 483
43180 504
43292 515
43404 536
43516 547
43628 568
43740 575
43856 591
43968 608
44084 620
44196 632
44308 639
44420 655
44536 668
44648 675
44760 688
44872 704
44984 707
45100 704
45212 679
45328 664
45440 639
45552 624
45664 608
45776 591
45888 575
46000 560
46120 543
46232 527
46344 513
46456 504
46568 487
46680 476
46792 463
46904 451
47016 440
47136 432
47248 415
47360 408
47472 399
47584 399
47696 419
47808 440
47920 460
48032 480
48144 496
48264 512
48376 527
48488 543
48600 560
48712 574
48824 588
48936 600
49048 615
49164 632
49280 639
49392 652
49504 664
49616 671
49728 688
49840 696
49952 704
50064 707
50176 688
50296 668
50408 639
50520 632
50632 611
50744 600
50856 575
50968 568
51084 547
51196 536
51312 519
51424 508
51536 494
51648 480
51764 467
51876 455
51988 448
52100 432
52212 423
52328 412
52444 399
52556 391
52668 415
52780 433
52892 455
53004 472
53116 487
53228 508
53348 524
53460 540
53572 556
53684 568
53796 583
53908 600
54020 609
54132 624
54244 636
54364 639
54476 664
54588 671
54700 679
54812 696
54924 704
55036 711
55148 696
55260 671
55380 652
55492 636
55604 615
55716 600
55828 583
55940 568
56052 551
56164 540
56280 524
56396 510
56508 496
56620 481
56732 472
56844 455
56960 448
57072 440
57184 423
57296 415
57412 403
57524 391
57640 412
57752 432
57872 448
57984 472
58096 483
58208 504
58320 519
58432 536
58544 551
58664 568
58776 575
58888 591
59000 608
59112 622
59224 632
59336 639
59448 655
59560 670
59680 679
59792 689
59904 704
60016 711
60128 696
60240 671
60356 655
60468 639
60580 624
60696 608
60808 588
60920 572
61036 558
61148 542
61260 527
61372 512
61484 504
61596 487
61712 472
61828 462
61940 449
62052 440
62164 428
62276 415
62388 408
62500 398
62612 408
62724 423
62844 448
62956 463
63068 480
63180 497
63292 513
63404 527
63516 543
63628 560
63740 575
63860 591
63972 608
64084 615
64196 632
64308 639
64420 655
64532 668
64644 671
64756 688
64876 704
64988 707
65100 704
65212 679
65324 664
65436 639
65552 625
65664 609
65776 591
65892 575
66004 560
66116 543
66232 527
66344 515
66456 504
66568 487
66680 480
66792 463
66908 451
67024 440
67136 432
67248 415
67360 408
67472 399
67584 399
67696 415
67808 440
67928 455
68040 480
68152 496
68264 511
68376 527
68488 543
68600 560
68712 572
68824 583
68944 600
69056 615
69168 625
69280 639
69392 639
69504 664
69616 671
69728 686
69840 696
69960 704
70072 707
70184 688
70296 670
70408 639
70520 632
70632 615
70744 600
70860 575
70976 568
71088 551
71200 536
71312 519
71424 508
71540 496
71652 480
71764 472
71876 455
71992 448
72104 433
72220 423
72332 414
72444 399
72556 391
72668 412
72780 432
72892 449
73012 472
73124 487
73236 504
73348 519
73460 536
73572 551
73684 568
73796 575
73908 593
74028 608
74140 624
74252 636
74364 639
74476 655
74588 670
74700 679
74812 689
74924 704
75044 711
75156 696
75268 671
75380 655
75492 638
75604 620
75716 604
75828 583
75940 572
76060 551
76172 542
76284 526
76396 512
76508 497
76620 483
76736 472
76848 462
76960 448
77076 440
77188 423
77300 415
77416 408
77528 391
77640 408
77752 423
77864 448
77976 463
78092 481
78208 499
78320 515
78432 536
78544 543
78656 561
78768 575
78880 591
78992 608
79104 615
79220 632
79332 639
79444 655
79556 668
79668 675
79780 688
79892 704
80004 707
80116 704
80236 679
80348 664
80460 639
80572 625
80684 608
80796 591
80908 575
81020 560
81136 543
81252 529
81364 515
81476 504
81588 487
81700 480
81816 463
81928 451
82040 441
82152 432
82268 415
82380 408
82496 399
82608 399
82720 419
82832 440
82944 455
83056 480
83168 496
83288 511
83400 527
83512 543
83624 560
83736 574
83848 588
83960 601
84072 615
84184 625
84304 639
84416 652
84528 664
84640 671
84752 688
84864 696
84976 704
85088 705
85200 688
85320 668
85432 639
85544 632
85656 615
85768 600
85880 575
85992 568
86104 547
86216 536
86336 519
86448 508
86560 494
86672 480
86788 472
86900 455
87012 448
87132 432
87244 423
87356 412
87468 399
87580 398
87692 414
87804 432
87916 449
88032 472
88148 487
88260 504
88372 519
88484 536
88596 551
88712 568
88824 575
88936 595
89048 608
89164 624
89276 636
89392 639
89504 655
89616 671
89728 679
89840 696
89952 704
90064 711
90184 696
90296 671
90408 655
90520 638
90632 620
90744 604
90856 583
90968 572
91080 556
91200 542
91312 526
91424 512
91536 497
91648 483
91760 472
91872 462
91984 448
92096 440
92216 423
92328 415
92440 408
92552 396
92664 408
92776 423
92888 448
93000 463
93112 480
93232 504
93344 515
93456 536
93568 543
93680 563
93792 575
93908 591
94020 608
94132 615
94248 632
94360 639
94472 655
94588 668
94700 675
94812 688
94924 704
95036 707
95148 704
95264 679
95380 664
95492 639
95604 624
95716 608
95828 591
95940 575
96052 560
96164 543
96276 527
96396 513
96508 504
96620 487
96732 476
96844 463
96956 451
97068 440
97180 432
97292 415
97412 408
97524 399
97636 399
97748 419
97860 440
97972 455
98084 476
98196 496
98308 511
98428 527
98540 543
98652 560
98764 574
98876 588
98988 600
99104 615
99216 625
99328 639
99444 652
99556 664
99668 671
99784 688
99896 696
100008 705
100120 705
100232 688
100344 668
100460 639
100576 632
100688 611
100800 600
100912 575
101024 568
101136 547
101248 536
101360 519
101480 508
101592 494
101704 480
101816 467
101928 455
102040 448
102152 432
102264 423
102376 412
102496 399
102608 391
102720 415
102832 433
102944 451
103056 472
103168 487
103280 508
103392 519
103512 540
103624 551
103736 572
103848 583
103960 600
104072 609
104184 624
104300 636
104412 639
104528 664
104640 671
104752 679
104864 696
104980 704
105092 707
105204 696
105316 671
105428 655
105544 636
105660 615
105772 600
105884 583
105996 568
106108 551
106220 540
106332 526
106444 511
106564 496
106676 481
106788 472
106900 455
107012 448
107124 440
107236 423
107348 415
107460 408
107580 391
107692 409
107804 428
107916 448
108028 463
108140 481
108252 504
108364 515
108476 536
108596 547
108708 568
108820 575
108932 591
109044 608
109156 620
109268 632
109380 639
109492 655
109612 668
109724 679
109836 688
109948 704
110060 707
110172 704
110288 679
110400 664
110512 639
110628 624
110740 608
110852 590
110968 574
111080 560
111192 543
111304 527
111416 513
111528 504
111644 487
111760 476
111872 463
111984 451
112096 440
112208 430
112320 415
112432 408
112544 399
112656 399
112772 423
112884 440
112996 460
113108 480
113220 496
113332 512
113444 527
113556 543
113668 560
113788 575
113900 588
114012 601
114124 615
114236 632
114348 639
114460 652
114572 664
114688 671
114804 688
114916 696
115028 705
115140 704
115252 688
115368 668
115480 639
115592 632
115712 615
115824 600
115936 575
116048 568
116160 551
116272 536
116384 519
116504 508
116616 496
116728 481
116840 472
116952 455
117064 448
117176 433
117288 423
117400 414
117520 399
117632 391
117744 412
117856 432
117968 449
118080 472
118196 483
118308 504
118420 519
118536 536
118648 551
118760 568
118876 575
118988 591
119100 608
119212 624
119324 632
119436 639
119552 655
119668 670
119780 679
119892 689
120004 704
120116 711
120228 696
120340 671
120452 655
120572 638
120684 622
120796 604
120908 583
121020 572
121132 556
121244 540
121356 527
121468 512
121588 497
121700 483
121812 472
121924 462
122036 448
122148 440
122260 428
122372 415
122484 408
122604 391
122716 408
122828 423
122940 448
123052 463
123164 480
123276 497
123392 513
123504 527
123620 543
123732 561
123844 575
123956 591
124072 604
124184 615
124296 632
124408 639
124520 654
124636 668
124752 671
124864 688
124976 704
125088 707
125200 704
125312 684
125424 664
125536 639
125656 625
125768 608
125880 591
125992 575
126104 560
126216 543
126328 531
126440 519
126552 504
126672 487
126784 480
126896 463
127008 451
127120 445
127232 432
127344 415
127456 408
127568 399
127688 399
127800 415
127912 440
128024 455
128136 476
128248 492
128360 511
128472 526
128588 542
128700 560
128816 574
128928 583
129040 600
129152 611
129268 625
129380 639
129492 639
129604 664
129716 671
129832 686
129944 696
130056 704
130168 711
130280 688
130392 671
130504 639
130616 632
130728 615
130848 600
130960 575
131072 568
131184 551
131296 536
131408 519
131520 508
131632 496
131748 480
131864 472
131976 455
132088 448
132200 433
132312 423
132424 414
132540 399
132652 391
132764 412
132880 432
132992 449
133104 472
133220 487
133332 504
133444 519
133556 536
133668 551
133780 568
133896 575
134012 595
134124 608
134236 624
134348 636
134460 639
134572 655
134684 670
134796 679
134916 696
135028 704
135140 711
135252 696
135364 671
135476 655
135588 639
135700 622
135812 604
135932 588
136044 572
136156 556
136268 540
136380 526
136492 512
136604 497
136716 483
136828 472
136948 460
137060 448
137172 440
137284 423
137396 415
137508 408
137620 391
137736 408
137848 423
137964 448
138076 463
138188 480
138300 499
138416 515
138528 536
138640 543
138752 561
138864 575
138980 591
139096 608
139208 615
139320 632
139432 639
139544 655
139656 668
139768 675
139880 688
140000 704
140112 707
140224 704
140336 679
140448 664
140560 639
140672 624
140784 608
140896 591
141016 575
141128 560
141240 543
141352 527
141464 515
141576 504
141688 487
141800 480
141912 463
142032 451
142144 440
142256 432
142368 415
142480 408
142592 399
142704 399
142816 415
142932 440
143048 455
143160 480
143272 496
143384 511
143496 527
143612 543
143724 560
143836 574
143948 583
144064 600
144176 615
144292 625
144404 639
144516 639
144628 664
144740 671
144852 684
144964 696
145080 704
145192 711
145304 688
145420 671
145532 652
145644 636
145760 615
145872 600
145984 575
146096 568
146208 551
146320 537
146436 519
146548 510
146660 496
146772 481
146884 472
146996 455
147108 448
147220 433
147332 423
147452 414
147564 399
147676 391
147788 412
147900 432
148012 448
148124 465
148236 483
148352 504
148468 519
148580 536
148692 551
148804 568
148916 575
149028 591
149140 608
149256 620
149368 632
149484 639
149596 655
149708 670
149820 679
149932 689
150048 704
150160 711
150272 696
150384 679
150500 655
150612 639
150728 624
150840 608
150952 588
151064 574
151176 558
151288 543
151400 527
151520 512
151632 499
151744 487
151856 476
151968 463
152080 449
152192 440
152304 428
152416 415
152536 408
152648 398
152760 408
152872 423
152984 448
153096 462
153208 480
153320 496
153432 512
153552 527
153664 543
153776 560
153888 575
154000 590
154112 604
154224 615
154336 632
154448 639
154568 654
154680 664
154792 671
154904 688
155016 696
155128 705
155244 704
155356 684
155468 664
155584 639
155696 632
155808 609
155924 591
156036 575
156148 561
156260 543
156372 536
156484 519
156600 504
156716 487
156828 480
156940 463
157052 455
157164 448
157276 432
157388 419
157500 412
157620 399
157732 398
157844 415
157956 440
158068 455
158180 472
158292 487
158404 508
158516 524
158636 542
158748 556
158860 572
158972 583
159084 600
159196 611
159308 624
159420 638
159532 639
159652 664
159764 671
159876 684
159988 696
160100 704
160212 711
160324 689
160440 671
160552 652
160668 632
160780 615
160892 600
161004 575
161120 568
161232 551
161344 536
161456 519
161568 510
161680 496
161796 481
161908 472
162020 455
162132 448
162244 433
162356 423
162468 415
162580 403
162692 391
162812 412
162924 432
163036 448
163148 467
163260 483
163372 504
163484 519
163600 536
163712 547
163828 568
163940 575
164052 591
164164 608
164280 622
164392 636
164504 639
164616 655
164728 668
164844 679
164960 689
165072 704
165184 711
165296 696
165408 671
165520 655
165632 639
165744 624
165864 608
165976 588
166088 572
166200 558
166312 542
166424 527
166536 512
166648 504
166760 487
166880 473
166992 462
167104 449
167216 440
167328 428
167440 415
167552 408
167664 398
167776 403
167896 423
168008 448
168120 463
168232 480
168344 496
168456 512
168568 527
168680 543
168796 560
168912 575
169024 591
169136 604
169248 615
169360 632
169476 639
169588 654
169700 664
169812 671
169928 688
170040 696
170156 705
170268 704
170380 684
170492 664
170604 639
170716 632
170828 609
170948 591
171060 575
171172 560
171284 543
171396 531
171508 515
171620 504
171732 487
171844 480
171964 463
172076 451
172188 444
172300 432
172412 415
172524 412
172636 399
172748 398
172860 415
172980 440
173092 455
173204 476
173316 492
173428 508
173548 519
173660 536
173772 551
173884 568
173996 575
174108 595
174220 608
174340 624
174452 636
174564 639
174676 655
174788 671
174900 679
175012 696
175124 704
175236 711
175356 696
175468 671
175580 655
175692 638
175804 620
175916 604
176028 583
176140 572
176252 556
176364 540
176484 527
176596 512
176708 497
176820 483
176932 472
177044 462
177156 448
177268 440
177380 423
177500 415
177612 408
177724 391
177836 408
177948 423
178060 448
178172 463
178284 481
178396 497
178516 515
178628 536
178740 543
178852 561
178964 575
179076 591
179188 608
179300 615
179416 632
179532 639
179644 655
179756 668
179868 675
179980 688
180096 704
180208 707
180320 704
180432 679
180548 664
180660 639
180776 624
180888 608
181000 591
181112 575
181224 560
181336 543
181448 531
181568 515
181680 504
181792 487
181904 476
182016 463
182128 451
182240 440
182352 432
182464 415
182584 408
182696 399
182808 399
182920 415
183032 440
183144 455
183256 476
183368 492
183480 510
183600 527
183712 543
183824 560
183936 572
184048 583
184160 600
184272 611
184384 624
184496 639
184616 639
184728 664
184840 671
184952 684
185064 696
185176 704
185288 707
185404 688
185516 670
185632 639
185744 632
185856 615
185968 600
186084 575
186196 568
186308 551
186420 536
186532 519
186648 508
186764 496
186876 480
186988 472
187100 455
187212 448
187324 433
187436 423
187548 414
187668 399
187780 391
187892 412
188004 432
188116 449
188228 472
188340 487
188452 504
188564 519
188684 536
188796 551
188908 568
189020 575
189132 595
189244 608
189356 624
189468 636
189580 639
189700 655
189812 671
189924 679
190036 696
190148 704
190260 711
190372 696
190484 671
190600 655
190716 639
190828 620
190940 604
191052 583
191164 572
191280 556
191392 542
191504 527
191616 512
191732 496
191844 483
191960 472
192072 460
192184 448
192296 440
192408 423
192520 415
192632 408
192744 396
192860 408
192972 423
193084 448
193196 463
193308 480
193420 497
193532 513
193644 531
193756 543
193876 563
193988 575
194100 591
194212 608
194324 615
194436 632
194548 639
194660 655
194772 668
194892 675
195004 688
195116 704
195228 707
195340 704
195452 679
195564 664
195680 639
195792 625
195908 608
196020 591
196132 575
196244 560
196360 543
196472 529
196584 515
196696 504
196808 487
196924 480
197040 463
197152 451
197264 440
197376 432
197488 415
197600 408
197712 399
197824 399
197944 415
198056 440
198168 455
198280 476
198392 494
198504 511
198616 527
198728 542
198840 558
198960 572
199072 583
199184 600
199296 611
199408 625
199520 639
199632 639
199744 664
199856 671
199976 686
200088 696
200200 704
200312 707
200424 688
200536 670
200648 639
200760 632
200876 615
200992 600
201104 575
201216 568
201328 551
201440 536
201556 519
201668 508
201780 496
201892 480
202008 472
202120 455
202236 448
202348 433
202460 432
202572 415
202688 408
202800 399
202912 399
203024 415
203136 440
203248 455
203360 476
203476 496
203588 511
203700 527
203812 543
203924 560
204036 572
204148 583
204260 600
204372 611
204492 625
204604 639
204716 639
204828 664
204940 671
205052 686
205168 696
205280 704
205392 707
205508 688
205620 668
205732 639
205848 632
205960 615
206072 600
206184 575
206296 568
206408 551
206524 536
206640 519
206752 508
206864 496
206976 480
207088 472
207200 455
207312 448
207424 433
207544 423
207656 412
207768 399
207880 391
207992 414
208104 432
208216 451
208328 472
208440 487
208560 508
208672 519
208784 540
208896 551
209008 568
209120 575
209232 600
209344 608
209456 624
209576 636
209688 639
209800 655
209912 671
210024 679
210136 696
210248 704
210364 711
210476 696
210592 671
210704 655
210816 639
210928 624
211044 604
211156 588
211268 572
211380 558
211492 542
211608 527
211724 512
211836 497
211948 483
212060 472
212172 462
212284 448
212396 440
212508 423
212628 415
212740 408
212852 396
212964 408
213076 423
213188 448
213300 463
213412 480
213524 497
213644 515
213756 531
213868 543
213980 561
214092 575
214204 591
214316 608
214428 615
214540 632
214660 639
214772 655
214884 668
214996 675
215108 688
215220 697
215332 707
215444 704
215560 679
215676 664
215788 639
215900 624
216012 608
216124 591
216240 575
216352 560
216464 543
216576 527
216692 515
216804 504
216920 487
217032 480
217144 463
217256 451
217368 440
217480 432
217592 415
217712 408
217824 399
217936 399
218048 415
218160 440
218272 455
218384 476
218496 496
218608 510
218720 527
218840 543
218952 560
219064 572
219176 588
219288 600
219400 615
219512 625
219624 639
219736 639
219856 664
219968 671
220080 688
220192 696
220304 704
220416 707
220528 688
220640 670
220756 652
220872 632
220984 615
221096 600
221208 575
221320 568
221436 551
221548 536
221660 519
221772 510
221888 496
222000 480
222116 472
222228 455
222340 448
222452 433
222564 423
222676 415
222788 399
222908 391
223020 412
223132 432
223244 449
223356 472
223468 487
223580 504
223692 519
223804 536
223924 551
224036 568
224148 575
224260 595
224372 608
224484 624
224596 636
224708 639
224820 655
224940 671
225052 679
225164 696
225276 704
225388 711
225500 696
225612 671
225724 655
225836 639
225956 622
226068 604
226180 583
226292 572
226404 556
226516 542
226632 527
226744 512
226856 504
226972 483
227084 472
227196 462
227312 449
227424 440
227536 428
227648 415
227760 408
227872 398
227988 408
228104 423
228216 448
228328 463
228440 480
228552 497
228664 513
228776 527
228888 543
229008 561
229120 575
229232 591
229344 608
229456 615
229568 632
229680 639
229792 654
229904 664
230024 671
230136 688
230248 704
230360 707
230472 704
230584 684
230696 664
230808 639
230920 632
231040 608
231152 591
231264 575
