132 960
248 927
360 903
472 880
584 856
696 828
808 799
924 780
1040 768
1152 736
1264 711
1376 696
1488 671
1600 655
1712 639
1824 622
1944 604
2056 588
2168 572
2280 556
2392 542
2504 527
2616 512
2728 497
2840 483
2960 472
3072 462
3184 448
3296 440
3408 423
3520 415
3632 408
3744 396
3856 385
3976 384
4088 368
4200 359
4312 352
4424 344
4536 335
4648 327
4760 319
4876 312
4992 305
5104 302
5216 291
5328 287
5440 280
5556 275
5668 271
5780 255
5892 255
6008 255
6120 248
6236 248
6348 240
6460 231
6572 231
6684 227
6796 224
6908 220
7028 216
7140 211
7252 207
7364 206
7476 199
7588 199
7700 195
7812 193
7924 192
8044 192
8156 184
8268 184
8380 179
8492 176
8604 176
8716 176
8828 167
8940 167
9060 167
9172 163
9284 159
9396 159
9508 159
9620 158
9732 156
9844 156
9956 152
10076 152
10188 152
10300 147
10412 145
10524 143
10636 143
10752 143
10864 143
10976 142
11092 140
11204 135
11316 135
11432 135
11544 135
11656 135
11768 127
11880 127
11992 127
12108 127
12224 127
12336 127
12448 127
12560 127
12672 127
12784 127
12896 127
13008 126
13128 126
13240 126
13352 124
13464 124
13576 124
13688 124
13800 124
13912 120
14024 120
14144 121
14256 120
14368 120
14480 120
14592 120
14704 120
14816 120
14928 120
15040 120
15160 120
15272 120
15384 120
15496 115
15608 115
15720 120
15832 115
15948 115
16060 113
16176 113
16288 113
16400 113
16512 113
16628 113
16740 112
16852 112
16964 112
17076 112
17188 112
17304 112
17416 112
17528 112
17640 112
17752 112
17864 112
17976 112
18088 112
18200 112
18320 112
18432 112
18544 112
18656 112
18768 112
18880 112
18992 112
19108 112
19220 112
19336 112
19448 112
19560 112
19672 112
19788 112
19900 120
20012 152
20124 177
20236 206
20352 231
20468 255
20580 284
20692 305
20804 327
20916 352
21028 376
21140 391
21252 414
21372 433
21484 451
21596 472
21708 487
21820 504
21932 519
22044 536
22156 551
22268 568
22388 575
22500 600
22612 608
22724 624
22836 636
22948 639
23060 655
23172 671
23284 679
23404 696
23516 704
23628 711
23740 719
23852 736
23964 739
24076 752
24188 768
24304 768
24420 771
24532 780
24644 792
24756 796
24868 799
24984 807
25096 816
25208 824
25320 828
25436 831
25548 831
25664 839
25776 847
25888 856
26000 856
26112 864
26224 865
26336 871
26456 876
26568 880
26680 881
26792 888
26904 896
27016 896
27128 896
27240 899
27352 903
27472 908
27584 911
27696 911
27808 920
27920 920
28032 924
28144 924
28256 927
28368 927
28488 927
28600 931
28712 935
28824 935
28944 940
29060 942
29172 944
29284 944
29400 952
29512 952
29624 952
29736 952
29848 952
29960 956
30076 960
30192 960
30304 960
30416 960
30528 960
30640 961
30752 963
30864 963
30976 967
31096 967
31208 967
31320 967
31432 972
31544 972
31656 972
31768 974
31880 975
31992 975
32112 975
32224 975
32336 975
32448 975
32560 975
32672 977
32784 984
32896 984
33008 984
33128 984
33240 984
33352 984
33464 984
33576 984
33688 984
33800 984
33916 984
34028 988
34144 984
34256 985
34368 988
34480 988
34596 988
34708 988
34820 988
34932 988
35044 988
35160 992
35276 992
35388 992
35500 992
35612 992
35724 992
35836 992
35948 992
36060 992
36180 992
36292 992
36404 992
36516 992
36628 992
36740 992
36852 992
36964 992
37076 992
37196 992
37308 992
37420 992
37532 992
37644 992
37756 992
37868 992
37980 992
38092 993
38212 993
38324 993
38436 993
38548 993
38660 993
38772 993
38884 993
38996 993
39112 995
39228 995
39340 995
39452 995
39564 995
39676 995
39792 995
39904 974
40016 945
40128 920
40244 896
40356 864
40472 831
40584 816
40696 792
40808 768
40920 743
41032 728
41144 704
41264 684
41376 664
41488 639
41600 632
41712 611
41824 591
41936 575
42048 561
42160 543
42280 531
42392 519
42504 504
42616 492
42728 480
42840 463
42952 455
43064 448
43176 432
43288 419
43408 412
43520 399
43632 391
43744 384
43856 376
43968 364
44080 353
44192 348
44308 335
44424 327
44536 319
44648 318
44760 312
44872 304
44988 295
45100 287
45212 286
45324 280
45440 271
45552 255
45668 255
45780 255
45892 252
46004 248
46116 241
46228 240
46340 231
46460 227
46572 224
46684 224
46796 216
46908 216
47020 207
47132 207
47244 204
47356 199
47476 195
47588 193
47700 192
47812 192
47924 188
48036 184
48148 184
48260 177
48372 176
48492 176
48604 167
48716 167
48828 167
48940 163
49052 159
49164 159
49276 159
49388 159
49508 158
49620 156
49732 152
49844 152
49956 152
50068 152
50180 147
50296 143
50408 143
50524 143
50636 143
50748 142
50860 140
50976 135
51088 135
51200 135
51312 135
51424 135
51540 127
51656 127
51768 127
51880 127
51992 127
52104 127
52216 127
52328 127
52440 127
52560 127
52672 127
52784 127
52896 126
53008 126
53120 124
53232 124
53344 124
53456 124
53576 124
53688 124
53800 120
53912 120
54024 120
54136 120
54248 120
54360 120
54472 120
54592 120
54704 120
54816 120
54928 120
55040 120
55152 120
55264 115
55376 115
55492 115
55608 115
55720 115
55832 115
55944 113
56056 113
56172 113
56284 113
56396 113
56508 112
56624 112
56736 112
56852 112
56964 112
57076 112
57188 112
57300 112
57412 112
57524 112
57644 112
57756 112
57872 112
57984 112
58096 112
58216 112
58328 112
58440 112
58552 112
58664 112
58776 112
58888 112
59000 112
59112 112
59232 112
59344 112
59456 112
59568 112
59680 112
59792 135
59908 167
60020 193
60132 224
60248 248
60360 271
60472 295
60588 319
60700 344
60812 366
60924 384
61036 408
61148 423
61264 448
61380 463
61492 480
61604 497
61716 513
61828 527
61940 543
62052 561
62164 575
62284 591
62396 608
62508 615
62620 632
62732 639
62844 654
62956 665
63068 671
63180 688
63300 704
63412 707
63524 718
63636 728
63748 736
63860 743
63972 768
64084 768
64196 768
64316 775
64428 783
64540 792
64652 799
64764 803
64876 812
64988 817
65104 824
65216 830
65332 831
65444 839
65556 846
65668 847
65784 856
65896 860
66008 864
66120 867
66232 871
66348 880
66464 881
66576 888
66688 896
66800 896
66912 896
67024 899
67136 903
67248 903
67368 910
67480 911
67592 920
67704 920
67816 920
67928 924
68040 926
68152 927
68264 927
68384 931
68496 935
68608 935
68720 940
68832 942
68944 944
69056 944
69168 952
69280 952
69400 952
69512 952
69624 952
69736 956
69848 960
69960 960
70072 960
70184 960
70300 960
70412 963
70528 963
70640 963
70752 963
70864 967
70980 967
71092 967
71204 967
71316 972
71428 972
71544 974
71660 974
71772 974
71884 975
71996 975
72108 975
72220 975
72332 975
72444 984
72564 977
72676 984
72788 984
72900 984
73012 984
73124 984
73236 984
73348 984
73460 984
73580 984
73692 984
73804 985
73916 984
74028 988
74140 988
74252 988
74364 988
74476 988
74596 988
74708 988
74820 992
74932 990
75044 992
75156 992
75268 992
75380 992
75496 992
75612 992
75724 992
75836 992
75948 992
76060 992
76176 992
76288 992
76400 992
76512 992
76628 992
76740 992
76856 992
76968 992
77080 992
77192 992
77304 992
77416 992
77528 992
77648 992
77760 992
77872 992
77984 992
78096 992
78208 992
78320 993
78432 993
78544 993
78664 993
78776 993
78888 993
79000 995
79112 993
79224 995
79336 993
79448 995
79560 995
79680 988
79792 960
79904 927
80016 903
80128 876
80240 847
80352 828
80464 799
80576 780
80696 768
80808 736
80920 711
81032 696
81144 671
81256 655
81372 638
81484 620
81596 604
81712 583
81824 572
81936 551
82052 540
82164 526
82276 511
82388 497
82500 483
82612 472
82728 462
82844 448
82956 440
83068 423
83180 415
83292 408
83404 391
83516 385
83628 384
83748 368
83860 359
83972 352
84084 344
84196 335
84308 327
84420 319
84532 312
84644 305
84764 295
84876 291
84988 287
85100 280
85212 271
85324 271
85436 255
85548 255
85660 255
85772 249
85892 243
86004 240
86116 231
86228 231
86340 225
86452 224
86568 220
86680 216
86800 211
86912 207
87024 206
87136 199
87248 199
87368 195
87480 192
87592 192
87704 192
87816 184
87928 184
88040 179
88152 177
88264 176
88384 174
88496 167
88608 167
88720 167
88832 163
88944 159
89056 159
89168 159
89280 159
89400 156
89512 156
89624 152
89736 152
89848 152
89960 147
90072 145
90184 143
90300 143
90416 143
90528 143
90640 142
90752 142
90864 135
90980 135
91092 135
91204 135
91316 135
91432 127
91544 127
91660 127
91772 127
91884 127
91996 127
92108 127
92220 127
92332 127
92452 127
92564 127
92676 127
92788 127
92900 126
93012 126
93124 124
93236 124
93348 124
93468 124
93580 120
93692 120
93804 120
93916 120
94028 120
94140 120
94252 120
94364 120
94484 120
94596 120
94708 120
94820 120
94932 120
95044 120
95156 120
95268 115
95380 115
95500 115
95612 113
95724 115
95836 113
95948 113
96060 113
96176 113
96288 112
96400 113
96516 112
96628 112
96740 112
96856 112
96968 112
97080 112
97192 112
97304 112
97416 112
97532 112
97648 112
97760 112
97872 112
97984 112
98096 112
98208 112
98320 112
98432 112
98552 112
98664 112
98776 112
98888 112
99000 112
99112 112
99224 112
99336 112
99448 112
99560 120
99680 152
99792 177
99904 207
100016 231
100128 255
100240 284
100352 305
100464 327
100576 352
100696 376
100808 391
100920 415
101032 432
101144 451
101256 472
101372 487
101484 504
101596 519
101712 540
101824 551
101936 568
102052 575
102164 600
102276 608
102388 624
102500 636
102612 639
102728 655
102844 671
102956 679
103068 696
103180 704
103292 711
103404 719
103516 732
103628 737
103748 748
103860 768
103972 768
104084 771
104196 780
104308 783
104420 796
104532 799
104644 807
104764 816
104876 824
104988 824
105100 831
105212 831
105324 839
105436 847
105548 856
105660 856
105780 864
105892 865
106004 871
106116 876
106228 880
106340 881
106452 888
106568 896
106680 896
106796 897
106908 899
107020 903
107132 908
107248 911
107360 911
107472 920
107584 920
107696 924
107812 924
107924 926
108040 927
108152 927
108264 931
108376 935
108488 935
108600 940
108712 942
108832 944
108944 944
109056 945
109168 952
109280 952
109392 952
109504 952
109616 956
109728 960
109848 960
109960 960
110072 960
110184 960
110296 961
110408 963
110520 963
110632 967
110744 967
110864 967
110976 967
111088 967
111200 972
111312 972
111424 974
111536 974
111648 975
111760 975
111880 975
111992 975
112104 975
112216 975
112328 984
112440 977
112556 984
112668 984
112780 984
112896 984
113008 984
113120 984
113236 984
113348 984
113460 984
113572 984
113684 984
113796 988
113912 988
114028 988
114140 988
114252 988
114364 988
114476 988
114588 988
114700 988
114812 988
114924 992
115044 992
115156 992
115268 992
115380 992
115492 992
115604 992
115724 992
115836 992
115948 992
116068 992
116180 992
116292 992
116404 992
116516 992
116628 992
116740 992
116852 992
116964 992
117084 992
117196 992
117308 992
117420 993
117532 993
117644 993
117756 993
117868 993
117980 993
118100 995
118212 993
118324 993
118436 993
118548 993
118660 993
118772 993
118884 993
118996 993
119116 995
119228 995
119340 995
119452 995
119564 967
119676 940
119792 911
119904 888
120016 860
120132 831
120244 807
120356 783
120472 768
120584 739
120696 719
120808 704
120920 679
121032 664
121148 639
121264 624
121376 608
121488 591
121600 575
121712 560
121824 543
121936 527
122048 515
122168 504
122280 487
122392 480
122504 463
122616 451
122728 440
122840 432
122952 415
123064 408
123184 399
123296 387
123408 384
123520 369
123632 359
123744 352
123856 348
123968 335
124080 327
124200 319
124312 316
124424 312
124536 304
124648 295
124760 287
124872 284
124984 280
125100 271
125212 255
125328 255
125440 255
125552 248
125664 248
125780 240
125892 240
126004 231
126116 227
126228 224
126344 224
126456 216
126568 216
126680 207
126792 207
126904 204
127016 199
127128 195
127240 193
127360 192
127472 192
127584 188
127696 184
127808 184
127920 177
128032 176
128144 176
128260 167
128376 167
128488 167
128600 163
128712 159
128824 159
128940 159
129052 159
129164 156
129276 156
129392 152
129504 152
129620 152
129732 152
129844 145
129956 143
130068 143
130180 143
130292 143
130412 142
130524 140
130636 135
130748 135
130860 135
130972 135
131084 135
131196 127
131308 127
131428 127
131540 127
131652 127
131764 127
131876 127
131988 127
132100 127
132212 127
132324 127
132444 127
132556 126
132668 126
132780 124
132892 124
133004 124
133116 124
133228 124
133340 124
133460 120
133572 120
133684 120
133796 120
133908 120
134020 120
134136 120
134248 120
134360 120
134476 120
134588 120
134700 120
134816 120
134928 115
135040 120
135152 115
135264 115
135376 115
135492 115
135608 113
135720 115
135832 113
135944 113
136056 113
136168 113
136280 112
136392 112
136512 112
136624 112
136736 112
136848 112
136960 112
137072 112
137184 112
137296 112
137408 112
137528 112
137640 112
137752 112
137864 112
137976 112
138088 112
138200 112
138312 112
138424 112
138544 112
138656 112
138768 112
138880 112
138992 112
139104 112
139216 112
139332 112
139444 140
139560 167
139672 199
139784 224
139896 252
140012 271
140124 295
140236 319
140348 344
140460 368
140576 387
140692 408
140804 428
140916 448
141028 463
141140 481
141252 504
141364 515
141476 536
141588 543
141704 561
141816 575
141928 591
142040 608
142152 615
142264 632
142376 639
142488 655
142600 668
142720 679
142832 688
142944 704
143056 707
143168 719
143280 728
143392 736
143504 743
143620 768
143736 768
143848 769
143960 775
144072 783
144184 792
144296 798
144412 799
144524 812
144640 816
144752 824
144864 830
144976 831
145096 839
145208 846
145320 847
145432 856
145544 864
145656 864
145768 867
145884 871
145996 880
146112 881
146224 888
146336 896
146448 896
146564 896
146676 899
146788 903
146900 903
147012 910
147128 911
147244 915
147356 920
147468 920
147580 924
147692 926
147804 927
147916 927
148028 931
148148 935
148260 935
148372 940
148484 942
148596 944
148708 944
148820 945
148932 952
149044 952
149164 952
149276 952
149388 956
149500 960
149612 960
149724 960
149836 960
149948 960
150060 960
150180 961
150292 963
150404 963
150516 967
150628 967
150740 967
150852 967
150964 967
151076 972
151196 972
151308 972
151420 974
151532 975
151644 975
151756 975
151872 975
151984 975
152096 975
152212 977
152324 979
152436 984
152552 984
152664 984
152776 984
152888 984
153000 984
153112 984
153228 984
153344 984
153456 984
153568 984
153680 988
153792 984
153904 988
154016 988
154128 988
154248 988
154360 988
154472 988
154584 990
154696 992
154808 992
154920 992
155032 992
155144 992
155264 992
155376 992
155488 992
155600 992
155712 992
155824 992
155936 992
156048 992
156160 992
156280 992
156392 992
156504 992
156616 992
156728 993
156840 993
156952 993
157068 993
157180 993
157292 993
157408 995
157520 993
157632 995
157748 993
157860 995
157972 993
158084 993
158196 993
158308 995
158424 995
158540 995
158652 995
158764 995
158876 995
158988 995
159100 995
159212 995
159324 988
159444 960
159556 927
159668 899
159780 876
159892 847
160004 824
160116 799
160228 775
160340 768
160460 736
160572 711
160684 696
160796 671
160908 655
161020 638
161132 620
161244 604
161356 583
161476 568
161588 551
161700 540
161812 526
161924 511
162036 497
162148 483
162264 472
162376 460
162492 448
162604 440
162716 423
162828 415
162944 408
163056 391
163168 385
163280 384
163392 368
163508 359
163624 352
163736 344
163848 335
163960 327
164072 319
164184 312
164296 305
164408 295
164528 287
164640 287
164752 280
164864 271
164976 271
165088 255
165200 255
165312 255
165424 248
165544 248
165656 240
165768 231
165880 231
165992 225
166104 224
166216 220
166328 216
166440 216
166560 207
166672 206
166784 199
166896 199
167008 195
167120 193
167232 192
167344 192
167460 184
167576 184
167688 179
167800 176
167912 176
168024 174
168140 167
168252 167
168364 167
168476 163
168592 159
168704 159
168820 159
168932 158
169044 156
169156 156
169268 152
169380 152
169492 152
169612 147
169724 145
169836 143
169948 143
170060 143
170172 143
170284 142
170396 135
170508 135
170628 135
170740 135
170852 135
170964 135
171076 127
171188 127
171300 127
171412 127
171524 127
171644 127
171756 127
171868 127
171980 127
172092 127
172204 127
172316 126
172428 126
172540 126
172656 124
172772 124
172884 124
172996 124
173108 124
173220 120
173336 120
173448 120
173560 120
173672 120
173788 120
173904 120
174016 120
174128 120
174240 120
174352 120
174464 120
174580 120
174692 120
174804 115
174920 115
175032 115
175144 115
175256 115
175372 113
175484 113
175596 113
175708 113
175820 113
175936 113
176052 113
176164 113
176276 112
176388 113
176500 112
176612 112
176724 112
176836 112
176956 112
177068 112
177180 112
177292 112
177404 112
177516 112
177628 112
177740 112
177852 112
177972 112
178084 112
178196 112
178308 112
178420 112
178532 112
178644 112
178756 112
178868 112
178988 112
179100 112
179212 120
179324 147
179436 176
179548 199
179660 227
179772 255
179888 280
180004 304
180116 327
180228 352
180340 369
180452 391
180568 412
180680 432
180792 449
180904 472
181020 487
181132 504
181248 519
181360 536
181472 551
181584 568
181696 575
181808 591
181920 608
182040 624
182152 636
182264 639
182376 655
182488 670
182600 679
182712 689
182824 704
182936 711
183056 719
183168 732
183280 737
183392 748
183504 768
183616 768
183728 771
183840 780
183952 783
184072 792
184184 799
184296 807
184408 816
184520 824
184632 824
184744 831
184856 831
184968 839
185084 847
185200 856
185312 856
185424 864
185536 865
185648 871
185764 871
185876 880
185988 881
186100 888
186216 896
186328 896
186444 896
186556 899
186668 903
186780 903
186892 910
187004 911
187116 911
187236 920
187348 920
187460 924
187572 926
187684 927
187796 927
187908 927
188020 935
188132 935
188252 937
188364 942
188476 944
188588 944
188700 945
188812 952
188924 952
189036 952
189148 952
189268 956
189380 960
189492 960
189604 960
189716 960
189828 960
189940 961
190052 961
190164 963
190284 963
190396 967
190508 967
190620 967
190732 967
190844 972
190960 972
191072 972
191184 974
191300 975
191412 975
191524 975
191640 975
191752 975
191864 975
191976 984
192088 977
192200 984
192316 984
192432 984
192544 984
192656 984
192768 984
192880 984
192992 984
193104 984
193216 984
193336 984
193448 985
193560 988
193672 988
193784 988
193896 988
194008 988
194120 988
194232 992
194352 988
194464 988
194576 990
194688 992
194800 992
194912 992
195024 992
195136 992
195248 992
195368 992
195480 992
195592 992
195704 992
195816 992
195928 992
196040 992
196156 992
196268 992
196384 992
196496 992
196608 993
196720 992
196836 992
196948 992
197060 992
197172 992
197284 993
197400 993
197516 993
197628 993
197740 993
197852 993
197964 993
198076 993
198188 995
198300 993
198420 993
198532 995
198644 995
198756 995
198868 995
198980 995
199092 995
199204 984
199316 952
199436 920
199548 896
199660 867
199772 839
199884 824
199996 796
200108 771
200220 752
200332 729
200444 705
200564 688
200676 668
200788 639
200900 632
201012 615
201124 600
201236 575
201352 568
201464 551
201580 536
201692 519
201804 508
201916 496
202028 480
202140 472
202252 455
202364 448
202480 435
202596 423
202708 414
202824 399
202936 391
203048 384
203160 376
203272 368
203388 355
203500 352
203612 344
203724 334
203840 319
203952 319
204064 312
204176 304
204292 295
204404 287
204516 287
204628 280
204740 271
204852 270
204968 255
205084 255
205196 254
205308 248
205420 243
205532 240
205644 231
205756 231
205868 225
205988 224
206100 220
206212 216
206324 211
206436 207
206548 206
206660 199
206772 199
206884 195
207004 192
207116 192
207228 192
207340 184
207452 184
207564 179
207676 176
207788 176
207900 174
208020 167
208132 167
208244 167
208356 163
208468 159
208580 159
208692 159
208804 158
208920 156
209036 156
209148 152
209260 152
209372 152
209484 147
209600 147
209712 143
209824 143
209936 143
210052 142
210164 142
210280 135
210392 135
210504 135
210616 135
210728 135
210840 135
210952 127
211072 127
211184 127
211296 127
211408 127
211520 127
211632 127
211744 127
211856 127
211968 127
212088 127
212200 127
212312 126
212424 124
212536 124
212648 124
212760 124
212872 124
212984 124
213104 120
213216 120
213328 120
213440 120
213552 120
213664 120
213776 120
213888 120
214000 120
214120 120
214232 120
214344 120
214456 120
214568 120
214680 115
214796 115
214908 115
215020 115
215136 113
215248 113
215360 113
215476 113
215588 113
215700 112
215812 113
215924 113
216036 112
216152 113
216268 112
216380 112
216492 112
216604 112
216716 112
216828 112
216940 112
217052 112
217172 112
217284 112
217396 112
217508 112
217620 112
217732 112
217844 112
217956 112
218068 112
218188 112
218300 112
218412 112
218524 112
218636 112
218748 112
218860 112
218972 112
219084 124
219204 156
219316 184
219428 207
219540 236
219652 255
219764 287
219876 312
219992 327
220104 353
220220 384
220332 399
220444 415
220556 440
220672 455
220784 472
220896 487
221008 508
221120 524
221232 540
221348 556
221460 572
221572 583
221684 600
221796 609
221908 624
222020 638
222132 639
222244 664
222364 671
222476 684
222588 696
222700 704
222812 711
222924 719
223036 736
223152 739
223264 752
223380 768
223492 768
223604 771
223716 782
223832 792
223944 796
224056 799
224168 807
224280 816
224396 824
224512 828
224624 831
224736 831
224848 839
224960 847
225072 856
225184 860
225296 864
225416 865
225528 871
225640 878
225752 880
225864 888
225976 896
226088 896
226200 896
226312 897
226432 899
226544 903
226656 908
226768 911
226880 911
226992 920
227104 920
227216 920
227328 924
227448 927
227560 927
227672 927
227784 931
227896 935
228008 935
228120 940
228232 944
228348 944
228464 945
228576 947
228688 952
228800 952
228912 952
229028 952
229140 956
229252 960
229364 960
229480 960
229592 960
229708 960
229820 963
229932 963
230044 967
230156 967
230268 967
230380 967
230500 967
230612 967
230724 972
230836 972
230948 974
231060 974
231172 975
231284 975
