20 632
132 611
244 595
356 575
472 568
584 547
700 536
812 519
924 505
1036 494
1152 480
1264 476
1376 492
1488 510
1600 524
1716 542
1832 556
1944 572
2056 583
2168 600
2280 611
2392 624
2504 632
2616 615
2736 600
2848 575
2960 568
3072 547
3184 536
3296 519
3408 508
3520 496
3632 480
3752 472
3864 487
3976 508
4088 524
4200 540
4312 551
4424 568
4536 575
4648 600
4768 609
4880 624
4992 632
5104 615
5216 600
5328 575
5440 568
5552 551
5668 536
5784 519
5896 508
6008 496
6120 480
6232 472
6348 487
6460 504
6572 519
6684 537
6800 551
6912 568
7028 575
7140 600
7252 609
7364 624
7476 636
7588 615
7700 600
7820 583
7932 568
8044 551
8156 537
8268 524
8380 510
8492 496
8604 481
8716 472
8836 487
8948 504
9060 519
9172 536
9284 551
9396 568
9508 575
9620 595
9732 608
9852 624
9964 636
10076 615
10188 600
10300 583
10412 569
10524 551
10636 540
10748 526
10868 511
10980 496
11092 483
11204 472
11316 483
11428 504
11544 519
11656 536
11768 551
11884 568
11996 575
12108 591
12224 608
12336 620
12448 632
12560 620
12672 604
12784 583
12896 572
13016 556
13128 540
13240 526
13352 512
13464 497
13576 483
13688 472
13800 483
13912 504
14032 519
14144 536
14256 547
14368 568
14480 575
14592 591
14704 608
14816 620
14928 632
15048 624
15160 604
15272 588
15384 572
15496 556
15608 542
15720 527
15832 512
15944 499
16064 483
16176 476
16288 481
16400 504
16512 515
16624 536
16740 543
16852 561
16964 575
17080 591
17192 608
17304 620
17420 632
17532 624
17644 608
17756 591
17868 574
17980 560
18096 543
18212 527
18324 513
18436 504
18548 487
18660 476
18772 480
18884 497
18996 513
19116 527
19228 543
19340 560
19452 575
19564 591
19676 604
19788 615
19900 632
20012 624
20132 608
20244 591
20356 575
20468 560
20580 543
20692 527
20804 515
20916 504
21028 487
21148 476
21260 480
21372 496
21484 512
21596 527
21708 543
21820 560
21936 575
22048 590
22164 604
22276 615
22388 632
22500 624
22616 608
22728 591
22840 575
22952 560
23064 543
23180 527
23296 515
23408 504
23520 487
23632 480
23744 480
23856 496
23968 512
24080 527
24200 543
24312 560
24424 575
24536 588
24648 601
24760 615
24872 632
24984 632
25096 609
25216 591
25328 575
25440 560
25552 543
25664 531
25776 515
25888 504
26000 492
26112 480
26232 480
26344 496
26456 511
26568 527
26680 543
26792 560
26904 574
27016 583
27132 600
27248 615
27360 632
27472 632
27584 611
27696 595
27812 575
27924 563
28036 543
28148 536
28264 519
28376 504
28492 492
28604 480
28716 476
28828 492
28948 508
29060 524
29172 540
29284 556
29400 572
29516 583
29628 600
29740 611
29852 624
29964 632
30076 615
30188 600
30300 575
30420 568
30532 551
30644 536
30756 519
30868 508
30980 496
31092 480
31204 472
31316 487
31436 508
31548 524
31660 540
31772 551
31884 568
31996 583
32108 600
32220 609
32332 624
32452 636
32564 615
32676 600
32788 575
32900 568
33012 551
33124 537
33236 519
33352 510
33468 496
33580 481
33692 472
33804 487
33916 504
34032 519
34144 536
34256 551
34368 568
34484 575
34596 595
34712 608
34824 624
34936 636
35048 615
35160 601
35272 583
35384 568
35504 551
35616 540
35728 524
35840 511
35952 496
36064 483
36176 472
36288 483
36400 504
36512 519
36632 536
36744 551
36856 568
36968 575
37080 591
37192 608
37304 620
37416 632
37528 620
37648 604
37760 583
37872 572
37984 556
38096 540
38208 526
38320 511
38432 497
38544 483
38664 472
38776 483
38888 504
39000 515
39112 536
39224 547
39336 568
39448 575
39560 591
39680 608
39792 620
39904 632
40016 624
40128 608
40240 588
40352 572
40468 556
40580 542
40696 527
40808 512
40920 497
41032 487
41148 476
41260 480
41372 497
41484 515
41596 531
41712 547
41828 561
41940 575
42052 591
42164 608
42276 615
42388 632
42500 624
42612 608
42732 590
42844 574
42956 560
43068 543
43180 527
43292 513
43404 504
43516 487
43628 476
43748 480
43860 497
43972 513
44084 529
44196 543
44308 560
44420 575
44532 591
44644 604
44764 615
44876 632
44988 624
45100 608
45212 591
45324 575
45436 560
45548 543
45664 527
45780 515
45892 504
46004 487
46116 480
46228 480
46344 496
46456 512
46568 527
46680 543
46796 560
46908 575
47024 590
47136 604
47248 615
47360 632
47472 625
47584 608
47696 591
47816 575
47928 560
48040 543
48152 527
48264 515
48376 504
48488 487
48600 480
48712 480
48832 496
48944 512
49056 527
49168 543
49280 560
49392 574
49504 588
49616 600
49728 615
49848 632
49960 632
50072 609
50184 591
50296 575
50408 561
50520 543
50632 536
50744 519
50864 504
50976 487
51088 480
51200 476
51312 494
51424 510
51540 527
51652 543
51764 558
51880 572
51992 583
52104 600
52220 611
52332 625
52444 632
52556 611
52668 600
52780 575
52892 568
53008 547
53120 536
53232 519
53344 508
53456 494
53568 480
53680 472
53792 487
53904 508
54024 526
54136 540
54248 556
54360 572
54472 583
54584 600
54700 611
54812 624
54924 632
55040 615
55152 600
55264 575
55380 568
55492 551
55604 536
55716 519
55828 508
55940 496
56056 480
56172 472
56284 487
56396 508
56508 519
56620 540
56732 551
56844 568
56956 575
57076 600
57188 609
57300 624
57412 636
57524 615
57636 600
57748 583
57860 572
57972 556
58084 540
58196 526
58312 512
58424 497
58536 483
58652 472
58764 483
58876 504
58988 519
59100 536
59212 547
59328 568
59444 575
59556 591
59668 608
59780 620
59892 632
60004 622
60116 604
60228 588
60348 572
60460 556
60572 540
60684 527
60796 512
60908 497
61020 483
61132 472
61244 481
61356 504
61476 515
61588 536
61700 543
61812 561
61924 575
62036 591
62148 608
62260 615
62372 632
62492 624
62604 608
62716 588
62828 574
62940 558
63052 543
63164 527
63276 513
63388 504
63508 487
63620 476
63732 480
63844 497
63956 513
64068 529
64180 543
64292 561
64408 575
64524 591
64636 608
64748 615
64860 632
64972 624
65084 608
65200 591
65312 575
65424 560
65540 543
65652 527
65764 515
65880 504
65992 487
66104 480
66216 480
66328 496
66440 512
66556 527
66672 543
66784 560
66896 575
67008 590
67120 604
67232 615
67344 632
67456 632
67576 608
67688 591
67800 575
67912 560
68024 543
68136 531
68248 519
68360 504
68472 487
68592 480
68704 480
68816 496
68928 512
69040 527
69152 543
69264 560
69376 574
69488 588
69608 604
69720 615
69832 632
69944 632
70056 609
70168 591
70280 575
70396 561
70508 543
70624 536
70736 519
70848 504
70960 492
71076 480
71188 476
71300 492
71412 510
71524 526
71640 543
71756 560
71868 572
71980 583
72092 600
72204 611
72316 625
72428 632
72540 611
72660 600
72772 575
72884 568
72996 547
73108 536
73220 519
73332 508
73444 494
73556 480
73676 476
73788 492
73900 510
74012 526
74124 542
74236 556
74348 572
74460 583
74572 600
74692 611
74804 624
74916 632
75028 615
75140 600
75252 575
75364 568
75476 551
75592 536
75708 519
75820 508
75932 496
76044 480
76156 472
76272 487
76384 508
76496 519
76608 540
76724 556
76836 568
76952 575
77064 600
77176 608
77288 624
77400 636
77512 615
77624 600
77736 575
77852 568
77964 551
78076 537
78188 519
78300 510
78412 496
78524 481
78636 472
78748 483
78868 504
78980 519
79092 536
79204 551
79316 568
79428 575
79540 593
79652 608
79764 624
79884 636
79996 615
80108 600
80220 583
80332 568
80444 551
80556 540
80672 526
80784 511
80900 496
81012 483
81124 472
81236 483
81352 504
81464 519
81576 536
81688 551
81800 568
81916 575
82032 593
82144 608
82256 624
82368 632
82480 622
82592 604
82704 588
82816 572
82936 556
83048 542
83160 527
83272 512
83384 497
83496 483
83608 476
83720 481
83832 504
83952 519
84064 536
84176 547
84288 568
84400 575
84512 591
84624 608
84736 620
84848 632
84968 624
85080 608
85192 590
85304 574
85416 560
85528 543
85640 527
85752 513
85868 504
85984 487
86096 476
86208 481
86320 497
86432 515
86544 531
86660 543
86780 560
86892 575
87004 590
87116 604
87228 615
87340 632
87460 624
87572 608
87684 591
87796 575
87908 560
88020 543
88132 527
88244 515
88356 504
88476 487
88588 480
88700 480
88812 496
88924 512
89036 527
89148 543
89260 560
89372 575
89492 590
89604 604
89716 615
89828 632
89940 632
90052 609
90168 591
90280 575
90392 561
90508 543
90620 531
90732 519
90848 504
90960 492
91072 480
91184 476
91296 494
91408 511
91524 527
91640 543
91752 560
91864 574
91976 588
92088 600
92200 615
92312 625
92424 632
92544 609
92656 593
92768 575
92880 563
92992 543
93104 536
93216 519
93328 508
93440 494
93560 480
93672 476
93784 492
93896 510
94008 526
94120 542
94232 556
94344 572
94456 583
94576 600
94688 611
94800 624
94912 632
95024 615
95136 600
95248 575
95364 568
95476 551
95592 536
95704 519
95816 508
95928 496
96044 480
96156 472
96268 487
96380 508
96492 519
96608 540
96724 551
96836 568
96948 583
97060 600
97172 609
97284 624
97396 633
97508 615
97628 600
97740 575
97852 568
97964 551
98076 536
98188 519
98300 508
98412 496
98524 481
98644 472
98756 487
98868 504
98980 519
99092 536
99204 551
99316 568
99428 575
99540 593
99660 609
99772 624
99884 636
99996 615
100108 600
100220 583
100332 568
100444 551
100560 540
100676 524
100788 510
100900 496
101012 483
101124 472
101240 483
101352 504
101464 519
101576 536
101692 551
101804 568
101920 575
102032 591
102144 608
102256 622
102368 632
102480 620
102592 604
102712 583
102824 568
102936 551
103048 540
103160 526
103272 511
103384 497
103496 483
103608 472
103720 483
103840 504
103952 515
104064 536
104176 547
104288 568
104400 575
104512 591
104624 608
104736 620
104856 632
104968 624
105080 608
105192 588
105304 572
105416 558
105528 543
105640 527
105756 512
105872 497
105984 487
106096 476
106208 481
106320 499
106436 515
106548 536
106660 543
106772 561
106888 575
107000 591
107116 608
107228 615
107340 632
107452 624
107564 608
107676 591
107788 575
107908 560
108020 543
108132 527
108244 513
108356 504
108468 487
108580 476
108692 480
108804 496
108924 513
109036 527
109148 543
109260 561
109372 575
109484 591
109596 604
109708 615
109820 632
109940 624
110052 608
110164 591
110276 575
110388 560
110500 543
110612 527
110724 515
110836 504
110956 487
111068 476
111180 480
111292 496
111404 512
111516 527
111632 543
111744 560
111856 574
111972 590
112084 604
112196 615
112312 632
112424 625
112536 608
112648 591
112760 575
112872 560
112988 543
113104 527
113216 515
113328 504
113440 487
113552 480
113664 476
113776 494
113888 511
114008 527
114120 543
114232 560
114344 574
114456 583
114568 600
114680 611
114792 625
114904 632
115024 609
115136 591
115248 575
115360 561
115472 543
115584 536
115700 519
115812 508
115924 496
116036 480
116148 472
116260 487
116380 508
116492 519
116604 540
116716 551
116828 568
116940 575
117056 600
117168 609
117280 624
117396 636
117508 615
117620 600
117736 583
117848 568
117960 551
118072 540
118184 524
118296 510
118412 496
118528 481
118640 472
118752 487
118864 504
118976 519
119088 536
119200 551
119312 568
119432 575
119544 600
119656 608
119768 624
119880 636
119992 615
120104 600
120216 583
120328 568
120448 551
120560 540
120672 526
120784 511
120896 496
121008 483
121120 472
121232 483
121344 504
121456 519
121576 536
121688 551
121800 568
121912 575
122024 591
122136 608
122252 620
122364 632
122476 622
122592 604
122704 588
122816 572
122928 556
123040 542
123152 526
123264 512
123376 497
123488 487
123608 472
123720 481
123832 504
123944 515
124056 536
124168 543
124280 563
124392 575
124504 591
124624 608
124736 615
124848 632
124960 624
125072 608
125184 590
125296 574
125412 560
125524 543
125640 527
125752 512
125864 504
125976 487
126092 476
126204 480
126316 496
126428 515
126540 527
126656 543
126772 561
126884 575
126996 591
127108 608
127220 615
127332 632
127444 624
127556 608
127676 591
127788 574
127900 560
128012 543
128124 527
128236 513
128348 504
128460 487
128572 476
128692 480
128804 496
128916 512
129028 527
129140 543
129252 560
129364 575
129476 588
129588 604
129708 615
129820 632
129932 625
130044 608
130156 591
130268 575
130380 561
130492 543
130608 536
130724 515
130836 504
130948 487
131060 480
131172 480
131288 496
131400 511
131512 527
131624 543
131740 560
131852 574
131968 588
132080 600
132192 615
132304 627
132416 632
132528 611
132640 591
132760 575
132872 561
132984 543
133096 536
133208 519
133320 504
133432 492
133544 480
133656 476
133776 494
133888 510
134000 527
134112 542
134224 558
134336 572
134448 583
134560 600
134672 611
134792 625
134904 632
135016 611
135128 600
135240 575
135352 568
135464 547
135576 536
135688 519
135808 508
135920 492
136032 480
136144 472
136256 487
136368 508
136484 524
136596 540
136708 551
136824 572
136936 583
137048 600
137164 609
137276 624
137388 632
137500 615
137612 600
137724 575
137836 568
137952 551
138064 536
138176 519
138288 510
138400 496
138512 481
138624 472
138736 487
138848 504
138968 519
139080 540
139192 551
139304 568
139416 575
139528 600
139644 608
139756 624
139868 636
139984 615
140096 600
140208 583
140324 568
140436 551
140548 537
140660 524
140772 510
140884 496
141000 481
141116 472
141228 483
141340 504
141452 519
141564 536
141676 551
141788 568
141900 575
142020 591
142132 608
142244 624
142356 632
142468 620
142580 604
142692 583
142804 572
142916 556
143036 540
143148 526
143260 511
143372 496
143484 483
143596 472
143708 483
143820 504
143932 515
144052 536
144164 551
144276 568
144388 575
144500 591
144616 604
144728 615
144840 632
144952 625
145064 608
145180 591
145292 575
145404 560
145520 543
145632 527
145744 515
145856 504
145968 487
146080 480
146196 480
146312 496
146424 512
146536 527
146648 543
146760 560
146872 575
146984 588
147096 604
147216 615
147328 632
147440 632
147552 609
147664 591
147776 575
147888 561
148000 543
148112 536
148232 515
148344 504
148456 492
148568 480
148680 476
148792 496
148904 511
149016 527
149128 543
149248 560
149360 574
149472 588
149584 600
149696 615
149808 625
149920 632
150032 611
150148 600
150264 575
150376 568
150488 547
150600 536
150712 519
150828 508
150940 494
151052 480
151164 472
151280 492
151392 510
151508 526
151620 542
151732 556
151844 572
151956 583
152068 600
152180 611
152300 624
152412 632
152524 615
152636 600
152748 575
152860 568
152972 551
153084 536
153196 519
153316 508
153428 496
153540 480
153652 472
153764 487
153876 508
153988 519
154100 540
154212 551
154332 568
154444 575
154556 600
154668 609
154780 624
154892 632
155004 615
155116 600
155228 575
155348 568
155460 551
155572 536
155684 519
155796 508
155908 496
156024 481
156136 472
156248 487
156364 504
156476 519
156588 536
156704 551
156816 568
156928 575
157040 595
157152 608
157264 624
157380 636
157496 615
157608 601
157720 583
157832 569
157944 551
158056 540
158168 526
158280 511
158400 496
158512 483
158624 472
158736 483
158848 504
158960 519
159072 536
159184 551
159296 568
159408 575
159528 591
159640 608
159752 624
159864 636
159976 624
160088 604
160200 588
160312 572
160424 556
160544 542
160656 527
160768 512
160880 499
160992 487
161104 476
161216 481
161328 504
161440 515
161560 536
161672 547
161784 568
161896 575
162008 591
162120 608
162232 620
162344 632
162460 624
162576 608
162688 590
162800 574
162912 560
163024 543
163140 527
163252 513
163364 504
163476 487
163592 476
163704 480
163820 497
163932 513
164044 529
164156 543
164268 560
164380 575
164492 591
164612 608
164724 615
164836 632
164948 624
165060 608
165172 591
165284 575
165396 560
165508 543
165628 527
165740 515
165852 504
165964 487
166076 476
166188 480
166300 496
166412 512
166524 527
166644 543
166756 560
166868 575
166980 590
167092 604
167204 615
167316 632
167428 625
167540 609
167660 591
167772 575
167884 560
167996 543
168108 527
168220 515
168336 504
168448 487
168560 480
168676 480
168788 496
168900 511
169016 527
169128 543
169240 560
169352 574
169464 588
169576 600
169692 615
169808 632
169920 632
170032 609
170144 593
170256 575
170368 561
170480 543
170592 536
170712 519
170824 504
170936 492
171048 480
171160 476
171272 492
171384 510
171496 526
171608 542
171728 558
171840 574
171952 583
172064 600
172176 611
172288 624
172400 632
172512 611
172624 600
172744 575
172856 568
172968 547
173080 536
173192 519
173304 508
173416 496
173540 480
173652 472
173764 487
173876 504
173988 519
174104 537
174216 551
174328 568
174440 575
174552 600
174668 608
174780 624
174896 636
175008 615
175120 600
175232 583
175344 568
175456 551
175568 540
175688 526
175800 511
175912 496
176024 483
176136 472
176248 487
176360 504
176472 519
176584 536
176704 551
176816 568
176928 575
177040 591
177152 608
177264 624
177376 632
177488 624
177600 604
177720 583
177832 572
177944 556
178056 540
178168 526
178280 512
178392 497
178504 483
178616 472
178736 483
178848 504
178960 515
179072 536
179184 547
179296 568
179412 575
179524 591
179636 608
179752 620
179864 632
179976 624
180092 608
180204 588
180316 572
180428 558
180540 542
180652 527
180768 512
180884 497
180996 487
181108 476
181220 480
181332 497
181444 515
181556 529
181668 543
181788 561
181900 575
182012 591
182124 608
182236 615
182348 632
182460 624
182572 608
182684 591
182804 574
182916 560
183028 543
183140 527
183252 513
183364 504
183476 487
183588 476
183700 480
183820 496
183932 513
184044 527
184156 543
184268 560
184380 575
184492 590
184608 604
184720 615
184836 632
184948 624
185060 608
185172 591
185288 575
185400 560
185512 543
185624 531
185736 515
185852 504
185968 487
186080 480
186192 480
186304 496
186416 512
186528 527
186640 543
186752 560
186872 575
186984 588
187096 604
187208 615
187320 632
187432 632
187544 609
187656 591
187768 575
187888 561
188000 543
188112 536
188224 519
188336 504
188448 492
188560 480
188672 476
188784 492
188904 511
189016 527
189128 543
189240 560
189352 572
189464 583
189576 600
189688 611
189804 625
189916 632
190032 611
190144 595
190256 575
190368 568
190484 547
190596 536
190708 519
190820 508
190932 494
191048 480
191160 472
191272 487
191384 508
191496 524
191608 540
191720 556
191832 569
191944 583
192064 600
192176 611
192288 624
192400 632
192512 615
192624 600
192736 575
192848 568
192964 551
193080 536
193192 519
193304 508
193416 496
193528 481
193644 472
193756 487
193868 504
193980 519
194096 540
194208 551
194324 568
194436 583
194548 600
194660 609
194772 624
194884 636
194996 615
195116 600
195228 583
195340 568
195452 551
195564 540
195676 524
195788 510
195900 496
196012 483
196132 472
196244 487
196356 504
196468 519
196580 536
196692 551
196804 568
196916 575
197028 591
197148 608
197260 624
197372 633
197484 620
197596 604
197708 583
197820 572
197932 556
198044 540
198164 526
198276 511
198388 496
198500 483
198612 472
198724 483
198840 504
198952 515
199064 536
199180 547
199292 568
199404 575
199520 591
199632 608
199744 620
199856 632
199968 624
200080 608
200196 588
200312 572
200424 556
200536 542
200648 527
200760 512
200872 499
200984 487
201096 476
201216 481
201328 504
201440 515
201552 536
201664 547
201776 561
201888 575
202000 591
202112 608
202232 615
202344 632
202456 632
202568 611
202680 595
202792 575
202904 561
203016 543
203128 536
203240 519
203360 504
203472 492
203584 480
203696 476
203808 492
203920 510
204032 526
204144 542
204256 556
204376 572
204488 583
204600 600
204712 611
204824 624
204936 632
205048 615
205160 600
205272 575
205392 568
205504 547
205616 536
205728 519
205840 508
205952 496
206064 480
206176 472
206288 487
206408 508
206520 524
206632 540
206744 556
206856 568
206968 583
207084 600
207196 609
207308 624
207424 632
207536 615
207648 600
207764 575
207876 568
207988 551
208100 536
208212 519
208324 510
208440 496
208556 481
208668 472
208780 487
208892 504
209004 519
209116 536
209228 551
209340 568
209460 575
209572 600
209684 609
209796 624
209908 636
210020 615
210132 601
210244 583
210356 572
210476 551
210588 540
210700 524
210812 510
210924 496
211036 483
211148 472
211260 483
211372 504
211492 519
211604 536
211716 551
211828 568
211940 575
212052 591
212164 608
212276 620
212392 632
212504 620
212620 604
212732 588
212844 572
212956 556
213072 540
213184 527
213296 512
213408 497
213520 483
213636 472
213752 481
213864 504
213976 515
214088 536
214200 543
214312 568
214424 575
214536 591
214656 608
214768 620
214880 632
214992 624
215104 608
215216 588
215328 572
215440 558
215552 543
215672 527
215784 512
215896 504
216008 487
216120 476
216232 480
216344 497
216456 513
216568 529
216688 543
216800 561
216912 575
217024 591
217136 608
217248 615
217360 632
217472 624
217588 608
217704 591
217816 574
217928 560
218040 543
218152 527
218268 515
218380 504
218492 487
218604 480
218720 480
218832 496
218948 513
219060 527
219172 543
219284 560
219396 575
219508 590
219620 604
219740 615
219852 632
219964 625
220076 608
220188 591
220300 575
220412 560
220524 543
220636 536
220756 515
220868 504
220980 487
221092 480
221204 480
221316 496
221428 511
221540 527
221652 543
221772 560
221884 575
221996 588
222108 604
222220 615
222332 632
222444 632
222556 611
222668 600
222788 575
222900 561
223012 543
223124 536
223236 519
223348 504
223464 492
223576 480
223688 476
223804 494
223916 510
224028 526
224144 542
224256 558
224368 572
224480 583
224592 600
224704 611
224820 625
224936 632
225048 611
225160 600
225272 575
225384 568
225496 551
225608 536
225720 519
225840 508
225952 494
226064 480
226176 472
226288 487
226400 508
226512 524
226624 540
226736 556
226856 572
226968 583
227080 600
227192 609
227304 624
227416 632
227528 615
227640 600
227752 575
227864 568
227984 551
228096 536
228208 519
228320 508
228432 496
228544 480
228660 472
228772 487
228884 504
229000 519
229112 537
229224 551
229336 568
229448 575
229560 600
229672 608
229784 624
229896 636
230016 615
230128 600
230240 583
230352 568
230464 551
230576 540
230688 524
230800 511
230912 496
231032 481
231144 472
231256 483
