20 945
132 920
244 896
356 865
476 839
588 816
700 792
812 769
924 748
1036 728
1148 705
1260 688
1372 668
1492 639
1604 632
1716 611
1828 595
1940 575
2052 568
2164 547
2276 536
2388 519
2508 508
2620 492
2732 480
2844 465
2956 455
3068 448
3180 432
3292 423
3408 412
3524 399
3636 391
3748 384
3860 376
3972 364
4088 355
4200 352
4312 339
4424 327
4540 319
4652 318
4768 312
4880 304
4992 295
5104 287
5216 286
5328 280
5440 271
5560 255
5672 255
5784 255
5896 254
6008 248
6120 241
6232 240
6344 231
6456 227
6576 224
6688 224
6800 220
6912 216
7024 207
7136 207
7248 204
7360 199
7472 195
7592 193
7704 192
7816 192
7928 188
8040 184
8152 184
8264 177
8376 176
8488 176
8608 167
8720 167
8832 167
8944 163
9056 159
9168 159
9284 159
9396 159
9508 156
9624 156
9736 152
9848 152
9964 152
10076 176
10188 206
10300 231
10412 255
10524 281
10640 305
10756 327
10868 352
10980 371
11092 391
11204 414
11316 432
11428 449
11540 472
11652 487
11768 504
11880 519
11992 536
12104 551
12216 568
12328 575
12440 591
12552 608
12664 620
12784 636
12896 639
13008 655
13120 668
13232 679
13344 689
13456 704
13568 711
13684 719
13800 728
13912 737
14024 748
14136 768
14248 768
14360 769
14476 780
14588 783
14700 792
14816 799
14928 807
15040 816
15156 824
15268 824
15380 831
15492 831
15604 839
15716 847
15832 856
15948 856
16060 864
16172 865
16284 871
16396 876
16508 880
16620 881
16732 888
16852 896
16964 896
17076 896
17188 899
17300 903
17412 908
17524 910
17636 911
17748 920
17868 920
17980 920
18092 924
18204 926
18316 927
18428 927
18540 927
18652 935
18764 935
18884 940
18996 940
19108 944
19220 944
19332 945
19444 952
19556 952
19672 952
19784 952
19900 952
20012 934
20124 903
20236 880
20352 856
20464 830
20576 803
20688 783
20800 768
20916 737
21032 718
21144 696
21256 675
21368 655
21480 639
21592 624
21704 608
21816 590
21936 572
22048 556
22160 542
22272 527
22384 512
22496 504
22608 487
22720 476
22832 463
22952 449
23064 440
23176 428
23288 415
23400 408
23512 398
23624 385
23736 384
23848 368
23968 359
24080 352
24192 344
24304 335
24416 327
24528 319
24640 316
24752 305
24868 302
24984 291
25096 287
25208 284
25320 275
25432 271
25548 255
25660 255
25772 255
25884 252
26000 248
26112 240
26228 236
26340 231
26452 227
26564 224
26676 224
26788 216
26900 216
27012 207
27128 207
27240 199
27352 199
27464 195
27576 192
27688 192
27800 192
27912 184
28024 184
28144 179
28256 177
28368 176
28480 174
28592 167
28704 167
28816 167
28936 163
29048 159
29160 159
29272 159
29384 159
29496 158
29616 156
29728 152
29840 152
29952 152
30064 176
30176 199
30288 231
30400 255
30512 280
30632 304
30744 327
30856 352
30968 371
31080 391
31192 412
31304 432
31416 449
31528 472
31648 487
31760 504
31872 519
31984 536
32096 551
32208 568
32320 575
32436 591
32548 608
32664 624
32776 636
32888 639
33000 655
33116 670
33228 679
33340 689
33452 704
33564 711
33680 719
33796 732
33908 739
34020 748
34132 768
34244 768
34356 771
34468 775
34580 783
34700 792
34812 799
34924 807
35036 816
35148 824
35260 824
35372 831
35484 831
35596 839
35716 847
35828 856
35940 856
36052 864
36164 865
36276 871
36388 871
36500 880
36612 881
36732 888
36844 896
36956 896
37068 896
37180 899
37292 903
37404 908
37516 910
37632 911
37748 911
37860 920
37972 920
38084 924
38196 926
38312 927
38424 927
38536 931
38648 935
38764 935
38876 940
38992 944
39104 944
39216 944
39328 945
39440 952
39552 952
39664 952
39784 952
39896 956
40008 940
40120 911
40232 888
40344 860
40456 831
40568 807
40680 783
40800 768
40912 739
41024 719
41136 704
41248 679
41360 664
41472 639
41584 624
41696 608
41816 591
41928 575
42040 560
42152 543
42264 527
42376 515
42488 504
42600 487
42712 480
42832 463
42944 451
43056 440
43168 432
43280 415
43392 408
43508 399
43620 387
43732 384
43848 369
43960 359
44072 352
44188 344
44300 335
44412 327
44524 319
44636 316
44748 312
44860 304
44976 295
45088 287
45200 284
45312 280
45424 271
45536 255
45648 255
45760 255
45872 252
45992 248
46104 240
46216 238
46328 231
46440 227
46552 224
46668 224
46780 216
46892 216
47008 207
47120 207
47232 199
47348 199
47460 195
47572 193
47684 192
47796 192
47908 188
48024 184
48140 184
48252 177
48364 176
48476 176
48588 167
48700 167
48812 167
48924 163
49044 159
49156 159
49268 159
49380 159
49492 158
49604 156
49716 152
49828 152
49940 152
50060 184
50172 207
50284 231
50396 255
50508 284
50620 307
50732 327
50844 352
50956 376
51076 391
51188 415
51300 433
51412 451
51524 472
51636 487
51748 508
51864 519
51976 540
52092 551
52204 568
52316 583
52428 600
52544 609
52656 624
52768 636
52880 639
52992 655
53108 671
53224 679
53336 696
53448 704
53560 711
53672 719
53784 732
53896 737
54008 748
54128 768
54240 768
54352 771
54464 780
54576 783
54688 796
54800 799
54912 807
55024 816
55144 824
55256 828
55368 831
55480 831
55592 839
55704 847
55816 856
55928 860
56040 864
56160 865
56272 871
56384 871
56496 880
56608 881
56720 888
56832 896
56944 896
57060 896
57176 899
57288 903
57400 903
57512 910
57624 911
57740 911
57852 920
57964 924
58076 926
58188 927
58300 927
58420 931
58532 935
58644 935
58756 935
58868 942
58980 944
59092 944
59204 944
59316 952
59436 952
59548 952
59660 952
59772 956
59884 960
59996 934
60108 903
60220 880
60332 856
60452 830
60564 799
60676 782
60788 768
60900 736
61012 718
61124 704
61236 675
61348 655
61468 639
61580 624
61692 608
61804 588
61916 574
62028 560
62144 543
62256 527
62368 513
62484 504
62596 487
62708 476
62824 463
62936 449
63048 440
63160 428
63272 415
63384 408
63500 398
63616 385
63728 384
63840 368
63952 359
64064 352
64176 344
64288 335
64400 327
64520 319
64632 316
64744 305
64856 300
64968 291
65080 287
65192 284
65304 275
65416 271
65536 255
65648 255
65760 255
65872 252
65984 248
66096 240
66208 236
66320 231
66432 227
66552 224
66664 220
66776 216
66888 216
67000 207
67112 207
67224 199
67340 199
67452 195
67568 192
67680 192
67792 192
67904 184
68020 184
68132 184
68244 177
68356 176
68468 176
68584 167
68700 167
68812 167
68924 163
69036 159
69148 159
69260 159
69372 158
69484 156
69596 156
69712 153
69824 152
69936 159
70048 192
70160 216
70272 240
70384 255
70496 287
70608 312
70728 335
70840 359
70952 384
71064 399
71176 419
71288 440
71400 455
71512 480
71628 496
71744 512
71856 527
71968 543
72080 560
72192 574
72304 588
72420 600
72532 615
72644 625
72760 639
72872 652
72984 664
73100 671
73212 688
73324 696
73436 705
73548 716
73660 728
73776 736
73892 743
74004 768
74116 768
74228 768
74340 775
74452 783
74564 792
74676 796
74796 799
74908 807
75020 816
75132 824
75244 828
75356 831
75468 839
75580 844
75692 847
75812 856
75924 860
76036 864
76148 867
76260 871
76372 876
76484 880
76596 888
76708 896
76828 896
76940 896
77052 897
77164 903
77276 903
77388 910
77500 911
77616 911
77728 920
77844 920
77956 924
78068 926
78180 927
78296 927
78408 927
78520 931
78632 935
78744 935
78860 940
78976 944
79088 944
79200 944
79312 945
79424 952
79536 952
79648 952
79760 953
79880 960
79992 927
80104 899
80216 876
80328 847
80440 828
80552 799
80664 780
80776 768
80896 736
81008 711
81120 696
81232 671
81344 655
81456 638
81568 620
81680 604
81792 583
81912 568
82024 551
82136 540
82248 526
82360 511
82472 496
82584 483
82696 472
82812 460
82928 448
83040 440
83152 423
83264 415
83376 408
83492 391
83604 384
83716 384
83828 368
83944 359
84056 352
84172 344
84284 335
84396 327
84508 319
84620 312
84732 305
84844 295
84956 291
85072 287
85184 280
85296 275
85408 270
85520 255
85632 255
85744 255
85856 248
85968 248
86088 240
86200 231
86312 231
86424 227
86536 224
86648 224
86764 220
86876 216
86988 211
87100 207
87212 206
87332 199
87444 199
87556 193
87668 192
87780 192
87892 188
88004 184
88116 184
88228 179
88348 176
88460 176
88572 172
88684 167
88796 167
88908 167
89020 163
89136 159
89248 159
89364 159
89476 158
89588 156
89700 156
89816 152
89928 152
90040 167
90152 195
90264 224
90380 252
90496 275
90608 300
90720 319
90832 344
90944 368
91056 387
91168 408
91280 428
91400 448
91512 463
91624 483
91736 504
91848 515
91960 536
92072 547
92184 568
92296 575
92416 591
92528 608
92640 620
92752 632
92864 639
92976 655
93088 668
93200 679
93312 688
93432 704
93544 707
93656 719
93768 728
93880 736
93992 743
94104 768
94216 768
94332 768
94448 775
94560 783
94672 792
94784 799
94896 807
95012 812
95124 817
95236 824
95348 831
95464 831
95576 839
95692 847
95804 847
95916 856
96028 864
96140 864
96252 867
96364 871
96476 880
96592 880
96704 888
96816 896
96928 896
97040 896
97152 899
97264 903
97376 908
97488 910
97608 911
97720 911
97832 920
97944 920
98056 924
98168 926
98280 927
98392 927
98504 931
98624 935
98736 935
98848 940
98960 942
99072 944
99184 944
99296 944
99412 952
99524 952
99640 952
99752 952
99864 956
99976 952
100092 920
100204 896
100316 867
100428 844
100540 817
100656 796
100772 769
100884 752
100996 728
101108 707
101220 688
101332 670
101444 639
101556 632
101676 611
101788 600
101900 575
102012 568
102124 547
102236 536
102348 519
102460 508
102572 496
102692 480
102804 472
102916 455
103028 448
103140 432
103252 423
103364 412
103476 399
103588 391
103708 384
103820 376
103932 364
104044 355
104156 348
104268 339
104380 334
104492 319
104608 319
104724 312
104836 304
104948 295
105060 287
105172 286
105288 280
105400 271
105512 255
105624 255
105740 255
105852 252
105968 248
106080 241
106192 240
106304 231
106416 227
106528 224
106640 224
106760 220
106872 216
106984 207
107096 207
107208 204
107320 199
107432 195
107544 193
107656 192
107776 192
107888 188
108000 184
108112 184
108224 177
108336 176
108448 176
108560 167
108672 167
108792 167
108904 163
109016 163
109128 159
109240 159
109352 159
109464 158
109576 156
109688 152
109808 152
109920 152
110032 167
110144 195
110256 224
110368 248
110484 271
110596 295
110708 319
110824 344
110936 368
111048 385
111164 408
111276 423
111388 448
111500 463
111612 480
111724 497
111836 513
111952 531
112064 543
112176 561
112288 575
112400 591
112512 604
112624 615
112736 632
112848 639
112968 654
113080 664
113192 671
113304 688
113416 696
113528 705
113640 716
113756 728
113868 736
113984 743
114096 768
114208 768
114320 768
114436 775
114548 783
114660 792
114772 796
114884 799
115000 807
115116 816
115228 824
115340 828
115452 831
115564 831
115680 844
115792 847
115904 856
116016 860
116128 864
116240 867
116352 871
116464 876
116584 880
116696 888
116808 896
116920 896
117032 896
117144 899
117256 899
117368 903
117480 908
117600 911
117712 911
117824 920
117936 920
118048 924
118160 926
118272 927
118384 927
118496 927
118616 934
118728 935
118840 935
118952 940
119064 944
119176 944
119292 944
119404 945
119516 952
119632 952
119744 952
119856 952
119972 960
120084 927
120196 903
120308 880
120420 856
120532 830
120648 799
120764 782
120876 768
120988 736
121100 718
121212 696
121324 675
121436 655
121548 639
121668 624
121780 608
121892 588
122004 572
122116 558
122228 542
122340 527
122452 512
122564 499
122684 483
122796 472
122908 462
123020 448
123132 440
123244 428
123356 415
123468 408
123580 398
123700 385
123812 384
123924 368
124036 359
124148 352
124260 344
124372 335
124488 327
124600 319
124716 313
124828 307
124940 300
125052 295
125168 287
125280 284
125392 275
125504 271
125616 255
125732 255
125848 255
125960 252
126072 248
126184 240
126296 231
126408 231
126520 227
126632 224
126752 220
126864 216
126976 211
127088 207
127200 207
127312 199
127424 199
127536 195
127648 192
127768 192
127880 192
127992 184
128104 184
128216 179
128328 177
128440 176
128552 174
128664 167
128784 167
128896 167
129008 163
129120 159
129232 159
129344 159
129456 158
129568 156
129684 156
129796 152
129912 152
130024 159
130136 188
130248 216
130364 240
130476 255
130588 287
130700 313
130812 335
130928 359
131044 384
131156 399
131268 415
131380 440
131492 455
131604 476
131716 492
131828 510
131948 527
132060 543
132172 560
132284 572
132396 583
132508 600
132620 611
132732 625
132844 638
132964 639
133076 664
133188 671
133300 684
133412 696
133524 704
133636 711
133748 719
133860 736
133980 743
134092 752
134204 768
134316 768
134428 775
134540 782
134652 792
134764 796
134880 799
134996 807
135108 816
135220 824
135332 828
135444 831
135560 839
135672 844
135784 847
135896 856
136012 860
136124 864
136240 867
136352 871
136464 878
136576 880
136688 888
136800 896
136912 896
137032 896
137144 897
137256 903
137368 903
137480 908
137592 911
137704 911
137816 920
137928 920
138048 924
138160 926
138272 927
138384 927
138496 927
138608 935
138720 935
138832 937
138944 940
139064 944
139176 944
139288 944
139400 952
139512 952
139624 952
139736 952
139848 952
139960 960
140080 931
140192 903
140304 880
140416 856
140528 830
140640 799
140752 783
140868 768
140980 737
141096 718
141208 696
141320 675
141432 655
141548 639
141660 624
141772 608
141884 588
141996 572
142112 556
142228 542
142340 527
142452 512
142564 499
142676 487
142788 476
142900 463
143012 449
143132 440
143244 423
143356 415
143468 408
143580 398
143692 387
143804 384
143916 368
144028 359
144148 352
144260 344
144372 335
144484 327
144596 316
144708 305
144820 304
144936 295
145048 287
145164 284
145276 275
145388 271
145500 255
145612 255
145728 255
145840 252
145952 248
146064 240
146180 236
146292 231
146408 227
146520 224
146632 220
146744 216
146856 216
146968 207
147080 206
147200 199
147312 199
147424 195
147536 192
147648 192
147760 192
147872 188
147984 184
148096 184
148216 177
148328 176
148440 176
148552 167
148664 167
148776 167
148888 163
149000 159
149112 159
149224 159
149344 158
149456 156
149568 156
149680 152
149792 152
149904 159
150016 188
150128 216
150244 240
150360 255
150472 287
150584 313
150696 335
150808 359
150924 384
151036 399
151148 415
151260 440
151376 455
151488 480
151604 496
151716 511
151828 527
151940 543
152052 560
152164 574
152276 588
152396 600
152508 615
152620 635
152732 639
152844 652
152956 664
153068 671
153180 688
153292 696
153412 704
153524 716
153636 728
153748 736
153860 743
153972 768
154084 768
154196 768
154308 775
154428 783
154540 792
154652 796
154764 799
154876 807
154988 816
155100 824
155212 828
155324 831
155444 831
155556 844
155668 847
155780 856
155892 860
156004 864
156116 867
156232 871
156344 876
156460 880
156572 888
156684 896
156796 896
156912 896
157024 897
157136 903
157248 903
157360 910
157476 911
157592 911
157704 920
157816 920
157928 924
158040 926
158152 927
158264 927
158376 927
158496 935
158608 935
158720 940
158832 942
158944 944
159056 944
159168 945
159280 952
159392 952
159512 952
159624 952
159736 952
159848 960
159960 927
160072 903
160184 878
160296 856
160408 828
160528 799
160640 780
160752 768
160864 736
160976 711
161088 696
161200 671
161312 655
161428 639
161544 620
161656 604
161768 583
161880 572
161992 556
162108 542
162220 527
162332 512
162444 497
162560 483
162672 472
162788 462
162900 448
163012 440
163124 423
163236 415
163348 408
163460 396
163580 385
163692 384
163804 368
163916 359
164028 352
164140 344
164252 335
164364 327
164476 319
164588 312
164708 305
164820 300
164932 291
165044 287
165156 280
165268 280
165380 271
165492 255
165604 255
165724 255
165836 248
165948 248
166060 240
166172 231
166284 231
166396 227
166508 224
166620 220
166740 216
166852 211
166964 207
167076 206
167188 199
167300 199
167412 195
167524 192
167636 192
167756 192
167868 184
167980 184
168092 179
168204 176
168316 176
168428 174
168544 167
168656 167
168772 167
168884 163
168996 159
169108 159
169224 159
169336 158
169448 156
169560 156
169672 152
169788 152
169904 159
170016 192
170128 216
170240 241
170352 255
170464 287
170576 316
170688 335
170808 359
170920 384
171032 399
171144 423
171256 440
171368 460
171480 480
171592 496
171704 511
171824 527
171936 543
172048 560
172160 575
172272 588
172384 604
172496 615
172608 632
172720 639
172840 654
172952 664
173064 671
173176 688
173288 696
173400 705
173512 696
173624 704
173736 711
173848 719
173968 732
174080 739
174192 748
174304 768
174416 768
174528 771
174640 780
174752 783
174864 796
174976 799
175096 807
175208 816
175320 824
175432 824
175544 831
175656 831
175768 839
175884 847
175996 856
176112 856
176224 864
176336 865
176448 871
176564 871
176676 880
176788 881
176900 888
177012 896
177128 896
177244 896
177356 899
177468 903
177580 903
177692 910
177804 911
177916 911
178028 920
178148 920
178260 924
178372 926
178484 927
178596 927
178708 927
178820 935
178932 935
179044 940
179164 940
179276 944
179388 944
179500 944
179612 945
179724 952
179836 952
179948 952
180060 952
180180 934
180292 903
180404 880
180516 856
180628 830
180740 807
180852 783
180964 768
181080 737
181196 718
181308 696
181420 679
181532 655
181644 639
181760 624
181872 608
181984 590
182096 574
182212 558
182324 543
182440 527
182552 512
182664 504
182776 487
182888 476
183000 463
183112 449
183232 440
183344 428
183456 415
183568 408
183680 398
183792 385
183904 384
184016 368
184128 359
184248 352
184360 344
184472 335
184584 327
184696 319
184808 316
184920 307
185032 304
185144 295
185264 287
185376 284
185488 275
185600 271
185712 255
185824 255
185936 255
186048 252
186160 248
186280 240
186392 236
186504 231
186616 227
186728 224
186840 220
186956 216
187068 216
187180 207
187296 206
187408 199
187520 199
187632 195
187748 192
187860 192
187972 192
188084 184
188196 184
188312 179
188428 176
188540 176
188652 174
188764 167
188876 167
188988 167
189100 163
189212 159
189332 159
189444 159
189556 159
189668 156
189780 156
189892 152
190004 152
190116 152
190228 177
190340 207
190460 231
190572 255
190684 284
190796 305
190908 327
191020 352
191132 376
191244 391
191356 415
191476 433
191588 451
191700 472
191812 487
191924 504
192036 519
192148 536
192260 551
192372 568
192492 575
192604 595
192716 608
192828 624
192940 636
193052 639
193164 655
193276 670
193392 679
193508 696
193620 704
193732 711
193844 719
193956 729
194068 737
194184 748
194296 768
194408 768
194524 771
194636 780
194748 783
194864 792
194976 799
195088 807
195200 814
195312 817
195424 824
195540 831
195656 831
195768 839
195880 847
195992 847
196104 856
196216 860
196328 864
196440 870
196560 871
196672 878
196784 880
196896 888
197008 896
197120 896
197232 896
197344 897
197456 903
197576 903
197688 910
197800 911
197912 911
198024 920
198136 920
198248 924
198360 924
198472 927
198592 927
198704 927
198816 935
198928 935
199040 935
199152 940
199264 944
199380 944
199492 945
199608 945
199720 952
199832 952
199944 952
200060 952
200172 940
200284 911
200396 888
200508 860
200624 831
200740 807
200852 783
200964 768
201076 743
201188 719
201300 704
201412 679
201524 664
201644 639
201756 624
201868 608
201980 591
202092 575
202204 560
202316 543
202432 527
202544 513
202660 499
202772 487
202884 476
202996 463
203112 448
203224 440
203336 428
203448 415
203564 408
203676 398
203788 385
203900 384
204012 368
204128 359
204240 352
204356 344
204468 335
204580 327
204692 319
204804 316
204916 305
205028 300
205148 291
205260 287
205372 281
205484 275
205596 271
205708 255
205820 255
205932 255
206044 252
206164 248
206276 240
206388 236
206500 231
206612 227
206724 224
206836 224
206948 216
207060 216
207180 207
207292 207
207404 199
207516 199
207628 195
207740 192
207852 192
207964 192
208076 184
208196 184
208308 184
208420 177
208532 176
208644 176
208756 167
208872 167
208984 167
209096 163
209212 159
209324 159
209436 159
209552 158
209664 156
209776 156
209888 152
210000 152
210112 156
210224 184
210344 216
210456 240
210568 255
210680 287
210792 312
210904 335
211016 355
211128 384
211240 399
211360 415
211472 440
211584 455
211696 476
211808 492
211920 510
212032 526
212144 542
212256 556
212376 572
212488 583
212600 600
212712 611
212824 625
212936 639
213048 639
213160 664
213272 671
213392 686
213504 696
213616 704
213728 711
213840 728
213952 736
214068 739
214180 752
214292 768
214408 768
214520 775
214632 783
214748 792
214860 798
214972 799
215084 807
215196 816
215308 824
215424 828
215540 831
215652 831
215764 846
215876 847
215988 856
216100 860
216212 864
216324 867
216444 871
216556 876
216668 880
216780 888
216892 896
217004 896
217116 896
217228 897
217340 903
217460 903
217572 908
217684 911
217796 911
217908 920
218020 920
218132 924
218244 924
218356 927
218476 927
218588 931
218700 935
218812 935
218924 940
219036 944
219148 944
219264 944
219376 945
219492 952
219604 952
219716 952
219828 952
219944 960
220056 960
220168 935
220280 910
220392 881
220508 856
220624 831
220736 807
220848 783
220960 768
221072 739
221184 719
221296 704
221408 679
221528 655
221640 639
221752 624
221864 608
221976 591
222088 575
222200 560
222312 543
222424 527
222544 513
222656 504
222768 487
222880 476
222992 463
223104 449
223216 440
223328 430
223440 415
223560 408
223672 398
223784 385
223896 384
224008 368
224120 359
224232 352
224344 344
224456 335
224576 327
224688 319
224800 316
224912 307
225024 302
225136 295
225252 287
225364 284
225476 280
225592 271
225704 255
225816 255
225932 255
226044 252
226156 248
226268 240
226380 238
226492 231
226604 227
226720 224
226832 224
226944 216
227056 216
227168 207
227280 207
227392 199
227504 199
227616 195
227736 193
227848 192
227960 192
228072 184
228184 184
228296 184
228412 177
228524 176
228636 176
228752 167
228864 167
228976 167
229092 163
229204 159
229316 159
229428 159
229540 156
229652 156
229768 156
229884 152
229996 152
230108 152
230220 184
230332 207
230444 231
230556 255
230668 284
230788 312
230900 327
231012 352
231124 384
231236 396
