20 608
132 590
248 574
360 560
476 543
588 527
700 513
812 504
924 504
1040 519
1152 536
1264 551
1376 568
1492 575
1604 600
1720 608
1832 595
1944 575
2056 563
2168 543
2280 536
2392 519
2504 508
2620 496
2732 513
2844 527
2956 543
3068 560
3180 575
3292 590
3404 604
3516 604
3636 583
3748 572
3860 556
3972 542
4084 526
4196 512
4308 497
4420 508
4532 519
4652 542
4764 556
4876 572
4988 583
5100 600
5212 608
5324 591
5440 575
5552 561
5668 543
5780 529
5892 515
6004 504
6120 504
6232 519
6344 536
6456 547
6568 568
6684 575
6800 591
6912 608
7024 600
7136 575
7248 568
7360 551
7472 536
7584 524
7704 510
7816 496
7928 512
8040 527
8152 543
8264 560
8376 574
8488 583
8600 600
8720 608
8832 590
8944 574
9056 560
9168 543
9280 527
9392 513
9504 504
9616 504
9736 519
9848 536
9960 551
10072 568
10184 575
10296 593
10408 608
10520 595
10636 575
10752 561
10864 543
10976 536
11088 519
11200 504
11316 496
11428 512
11540 527
11652 543
11768 560
11880 575
11996 591
12108 604
12220 604
12332 583
12444 572
12556 551
12668 540
12788 526
12900 511
13012 497
13124 508
13236 524
13348 540
13460 556
13572 572
13684 583
13804 600
13916 608
14028 591
14140 575
14252 560
14364 543
14476 527
14588 515
14700 504
14820 504
14932 519
15044 536
15156 551
15268 568
15380 575
15492 591
15604 608
15716 600
15836 575
15948 568
16060 551
16172 536
16284 519
16396 510
16512 496
16624 511
16736 527
16852 543
16964 560
17076 575
17192 588
17304 604
17416 608
17528 590
17640 574
17752 560
17864 543
17980 527
18092 513
18204 504
18316 504
18428 519
18540 536
18652 551
18764 568
18876 575
18996 595
19108 608
19220 595
19332 575
19444 568
19556 547
19672 536
19784 519
19896 508
20012 497
20124 513
20236 527
20352 543
20464 561
20576 575
20688 591
20800 604
20912 604
21028 583
21144 569
21256 551
21368 540
21480 526
21592 512
21704 497
21816 508
21928 524
22048 540
22160 556
22272 572
22384 583
22496 600
22608 608
22720 591
22832 575
22944 560
23064 543
23176 527
23288 515
23400 504
23512 504
23624 515
23736 536
23848 547
23960 568
24080 575
24192 591
24304 608
24416 600
24528 575
24640 568
24752 551
24868 536
24980 519
25096 508
25208 496
25320 511
25432 527
25548 543
25660 560
25772 574
25884 583
25996 600
26112 608
26228 590
26340 572
26452 560
26564 543
26676 527
26788 513
26900 504
27012 504
27132 519
27244 540
27356 551
27468 568
27580 575
27692 600
27804 608
27916 595
28028 575
28148 561
28260 543
28372 536
28484 519
28596 504
28708 496
28820 513
28944 529
29056 543
29168 560
29280 575
29392 591
29504 604
29616 601
29728 583
29848 568
29960 551
30072 540
30184 526
30296 511
30408 496
30520 508
30632 524
30744 540
30864 556
30976 572
31088 583
31200 600
31312 608
31424 591
31536 575
31648 560
31760 543
31880 527
31992 515
32104 504
32216 504
32328 515
32440 536
32552 543
32668 568
32780 575
32896 591
33008 608
33120 600
33232 575
33348 568
33460 551
33572 536
33684 519
33796 510
33912 496
34028 511
34140 527
34252 543
34364 560
34476 574
34588 588
34700 600
34812 608
34932 588
35044 572
35156 558
35268 543
35380 527
35492 512
35604 504
35716 504
35828 519
35948 540
36060 551
36172 568
36284 575
36396 600
36508 608
36620 595
36732 575
36844 568
36964 543
37076 536
37188 519
37300 504
37412 496
37524 513
37636 527
37748 543
37864 560
37980 575
38092 591
38204 604
38316 600
38428 583
38544 568
38656 551
38768 540
38880 526
38996 511
39108 496
39224 508
39336 524
39448 540
39560 556
39672 572
39784 583
39896 600
40016 608
40128 591
40240 575
40352 560
40464 543
40576 527
40688 515
40800 504
40912 504
41032 519
41144 536
41256 547
41368 568
41480 575
41592 591
41704 608
41816 600
41928 575
42048 568
42160 551
42272 536
42384 519
42496 508
42608 496
42720 511
42832 527
42944 543
43064 560
43176 575
43288 588
43400 604
43512 608
43624 590
43740 574
43852 558
43964 543
44080 527
44192 512
44304 504
44420 504
44532 519
44644 540
44756 551
44868 568
44980 575
45096 600
45212 609
45324 591
45436 575
45548 561
45660 543
45772 536
45884 519
45996 504
46108 497
46224 513
46336 529
46448 543
46560 561
46672 575
46784 591
46896 604
47008 604
47120 583
47240 572
47352 551
47464 540
47576 526
47688 512
47800 497
47912 508
48024 524
48140 540
48256 556
48368 572
48480 583
48592 600
48704 608
48820 591
48932 575
49044 560
49156 543
49272 527
49384 515
49500 504
49612 504
49724 515
49836 536
49948 547
50060 568
50172 575
50292 591
50404 608
50516 600
50628 575
50740 568
50852 551
50964 537
51076 519
51188 510
51308 496
51420 511
51532 527
51644 543
51756 560
51868 575
51980 588
52092 601
52204 608
52324 588
52436 574
52548 558
52660 543
52772 527
52884 513
52996 504
53108 504
53220 519
53340 540
53452 551
53564 568
53676 575
53788 600
53900 608
54016 600
54128 575
54240 568
54356 543
54468 536
54580 519
54696 504
54808 496
54920 513
55032 527
55144 543
55256 560
55372 575
55488 591
55600 608
55712 604
55824 583
55936 572
56048 556
56160 540
56272 526
56392 511
56504 496
56616 508
56728 524
56840 540
56952 556
57064 572
57176 583
57288 600
57408 608
57520 591
57632 575
57744 560
57860 543
57972 527
58088 515
58200 504
58312 504
58424 519
58540 536
58652 551
58768 568
58880 575
58992 591
59104 608
59216 600
59328 575
59440 568
59560 551
59672 536
59784 519
59896 508
60008 496
60120 512
60232 527
60344 543
60456 560
60576 575
60688 588
60800 604
60912 608
61024 590
61136 574
61248 560
61360 543
61472 527
61592 512
61704 504
61816 504
61928 519
62040 540
62152 551
62264 568
62376 575
62488 600
62608 609
62720 591
62832 575
62944 561
63056 543
63168 536
63284 519
63396 504
63508 497
63624 515
63736 531
63848 543
63964 561
64076 575
64188 591
64300 608
64412 604
64524 583
64640 568
64756 551
64868 540
64980 526
65092 511
65204 496
65316 508
65428 526
65540 540
65660 560
65772 572
65884 583
65996 600
66108 608
66220 591
66332 575
66444 560
66556 543
66676 527
66788 515
66900 504
67012 504
67124 519
67236 536
67348 551
67460 568
67572 575
67684 591
67804 608
67916 600
68028 575
68140 568
68252 551
68364 536
68480 519
68592 508
68704 496
68820 512
68932 527
69044 543
69156 560
69268 574
69380 588
69492 600
69604 608
69716 590
69836 572
69948 558
70060 543
70172 527
70284 513
70396 504
70508 504
70620 519
70732 536
70852 551
70964 568
71076 575
71188 600
71300 608
71412 600
71524 575
71640 568
71752 547
71868 536
71980 519
72092 504
72204 497
72320 513
72432 529
72544 543
72656 560
72768 575
72884 591
73000 608
73112 601
73224 583
73336 568
73448 551
73560 540
73672 526
73784 511
73904 496
74016 508
74128 526
74240 542
74352 556
74464 572
74576 583
74688 600
74800 608
74920 591
75032 575
75144 560
75256 543
75368 527
75480 515
75592 504
75704 504
75816 515
75936 536
76048 551
76160 568
76272 575
76384 591
76496 608
76608 600
76720 583
76836 568
76952 551
77064 536
77176 519
77288 510
77400 496
77516 512
77628 527
77740 543
77852 560
77968 574
78080 588
78196 604
78308 608
78420 590
78532 574
78644 560
78756 543
78868 527
78988 512
79100 504
79212 504
79324 519
79436 536
79548 551
79660 568
79772 575
79884 595
80004 608
80116 591
80228 575
80340 561
80452 543
80564 536
80676 519
80788 504
80900 496
81020 513
81132 529
81244 543
81356 560
81468 575
81580 591
81692 608
81804 604
81916 583
82036 568
82148 551
82260 540
82372 526
82484 511
82596 496
82712 508
82824 524
82936 540
83052 556
83164 572
83276 583
83392 600
83504 608
83616 591
83728 575
83840 560
83952 543
84064 527
84180 515
84292 504
84404 504
84516 515
84628 536
84740 547
84852 568
84964 575
85076 591
85196 608
85308 600
85420 575
85532 568
85644 551
85756 536
85872 519
85984 510
86096 496
86212 511
86324 527
86436 543
86548 560
86664 574
86780 583
86892 600
87004 608
87124 590
87236 574
87348 560
87460 543
87572 527
87684 513
87796 504
87912 504
88024 519
88140 536
88252 551
88364 568
88476 575
88592 595
88704 608
88816 600
88928 575
89040 568
89156 547
89272 536
89384 519
89496 508
89608 496
89720 513
89832 527
89944 543
90056 560
90176 575
90288 591
90400 604
90512 604
90624 583
90736 572
90848 556
90960 540
91072 526
91192 511
91304 496
91416 508
91528 524
91640 540
91752 551
91864 568
91976 575
92088 600
92208 608
92320 591
92432 575
92544 560
92656 543
92768 529
92880 515
92992 504
93108 497
93224 515
93336 536
93448 543
93560 563
93672 575
93788 591
93900 608
94012 600
94124 583
94240 568
94352 551
94468 536
94580 519
94692 510
94804 496
94916 511
95028 527
95140 543
95260 560
95372 574
95484 583
95596 600
95708 608
95820 590
95932 574
96044 560
96156 543
96276 527
96388 513
96500 504
96612 504
96724 519
96836 536
96948 551
97060 568
97172 575
97292 595
97404 608
97516 600
97628 575
97740 568
97852 551
97964 536
98076 519
98188 508
98304 496
98420 513
98532 527
98644 543
98756 560
98868 575
98984 591
99096 604
99208 604
99320 588
99436 572
99548 556
99664 542
99776 527
99888 512
100000 497
100112 508
100224 524
100336 540
100456 556
100568 572
100680 583
100792 600
100904 609
101016 591
101128 575
101240 560
101352 543
101472 531
101584 515
101696 504
101808 504
101920 515
102032 536
102144 547
102256 568
102368 575
102488 591
102600 608
102712 600
102824 575
102936 568
103048 551
103160 536
103272 519
103384 510
103504 496
103616 511
103728 527
103840 543
103952 560
104064 572
104180 583
104292 600
104404 608
104520 590
104632 575
104744 560
104860 543
104972 527
105084 513
105196 504
105308 504
105420 519
105536 536
105652 551
105764 568
105876 575
105988 591
106100 608
106212 600
106324 575
106436 568
106556 543
106668 536
106780 519
106892 509
107004 496
107116 512
107228 527
107340 543
107452 560
107572 575
107684 590
107796 604
107908 604
108020 583
108132 572
108244 556
108356 540
108468 527
108588 511
108700 497
108812 508
108924 524
109036 540
109148 556
109260 569
109376 583
109488 600
109604 608
109716 591
109828 575
109940 560
110056 543
110168 536
110280 515
110392 504
110504 499
110620 515
110736 536
110848 547
110960 568
111072 575
111184 591
111296 608
111408 600
111520 583
111640 568
111752 551
111864 537
111976 519
112088 510
112200 496
112312 510
112424 527
112536 542
112656 560
112768 574
112880 583
112992 600
113104 608
113216 591
113328 574
113440 560
113552 543
113664 527
113784 513
113896 504
114008 504
114120 519
114232 536
114344 551
114456 568
114572 575
114684 591
114800 608
114912 600
115024 575
115136 568
115248 547
115360 536
115472 519
115584 508
115700 496
115812 511
115932 527
116044 543
116156 560
116268 574
116380 588
116492 600
116604 608
116716 590
116828 574
116948 558
117060 543
117172 527
117284 513
117396 504
117508 504
117620 519
117736 536
117848 551
117964 568
118076 575
118188 600
118300 608
118416 593
118528 575
118640 561
118752 543
118864 536
118980 519
119096 504
119208 496
119320 513
119432 527
119544 543
119656 560
119768 575
119880 591
120000 608
120112 600
120224 583
120336 568
120448 551
120560 540
120672 526
120784 511
120896 496
121016 508
121128 526
121240 542
121352 556
121464 572
121576 583
121688 600
121800 608
121912 591
122032 575
122144 560
122256 543
122368 527
122480 515
122592 504
122704 504
122816 519
122932 536
123048 547
123160 568
123272 575
123384 591
123496 608
123612 600
123724 575
123836 568
123948 551
124064 536
124176 519
124292 508
124404 496
124516 511
124628 527
124740 543
124852 560
124964 574
125084 588
125196 601
125308 608
125420 590
125532 574
125644 560
125756 543
125868 527
125980 513
126100 499
126212 504
126324 519
126436 536
126548 551
126660 568
126772 575
126884 595
126996 608
127116 593
127228 575
127340 563
127452 547
127564 536
127676 519
127788 508
127900 497
128012 513
128132 531
128244 543
128356 561
128468 575
128580 591
128692 608
128808 604
128920 583
129032 572
129148 551
129260 540
129372 526
129488 511
129600 497
129712 508
129824 524
129936 540
130048 556
130160 572
130276 583
130388 600
130500 609
130612 591
130724 575
130836 560
130948 543
131060 531
131172 519
131292 504
131404 504
131516 515
131628 536
131740 547
131852 568
131968 575
132080 591
132192 608
132308 600
132420 575
132532 568
132648 551
132760 536
132872 519
132984 508
133096 496
133208 511
133324 527
133440 543
133552 560
133664 572
133776 583
133888 600
134000 608
134112 590
134224 574
134344 558
134456 543
134568 527
134680 513
134792 504
134904 504
135016 519
135128 536
135240 551
135360 568
135472 575
135584 600
135696 608
135808 600
135920 575
136032 568
136144 547
136256 536
136376 519
136488 505
136600 496
136712 513
136824 527
136936 543
137048 560
137164 575
137276 590
137392 604
137504 604
137616 583
137728 572
137844 551
137956 540
138068 526
138180 512
138292 497
138408 508
138524 524
138636 542
138748 556
138860 572
138972 583
139084 600
139196 609
139308 591
139428 575
139540 560
139652 543
139764 527
139876 515
139988 504
140100 504
140212 515
140324 536
140444 551
140556 568
140668 575
140780 591
140892 608
141004 600
141116 583
141228 568
141340 551
141460 540
141572 519
141684 510
141796 496
141908 511
142020 527
142132 543
142244 560
142360 574
142476 588
142588 600
142700 608
142812 590
142924 574
143040 560
143152 543
143264 527
143376 513
143492 504
143604 504
143720 519
143832 536
143944 551
144056 568
144168 575
144280 591
144392 608
144512 595
144628 575
144748 568
144860 547
144972 536
145084 519
145196 508
145308 496
145420 512
145532 527
145644 543
145764 560
145876 575
145988 590
146100 604
146212 604
146324 583
146436 572
146548 556
146660 542
146780 526
146892 511
147004 497
147116 508
147228 519
147340 540
147456 551
147568 568
147680 583
147796 600
147908 608
148020 591
148136 575
148248 561
148360 543
148472 536
148584 515
148696 504
148812 499
148928 515
149040 536
149152 547
149264 561
149376 575
149488 591
149600 608
149712 600
149824 575
149944 568
150056 551
150168 536
150280 524
150392 510
150504 496
150616 510
150728 527
150840 542
150960 560
151072 572
151184 583
151296 600
151408 608
151520 591
151632 575
151744 560
151856 543
151976 527
152088 513
152200 504
152312 504
152424 519
152536 536
152652 551
152764 568
152876 575
152992 593
153104 608
153216 600
153332 575
153444 568
153556 551
153668 536
153780 519
153892 508
154008 496
154124 512
154236 527
154348 543
154460 560
154572 575
154684 590
154796 604
154908 608
155028 588
155140 572
155252 558
155364 542
155476 527
155588 512
155700 497
155812 508
155924 519
156044 540
156156 556
156268 568
156380 583
156492 600
156604 609
156716 591
156828 575
156940 561
157060 543
157172 536
157284 519
157396 504
157508 504
157620 515
157732 536
157848 543
157960 561
158076 575
158188 591
158300 608
158412 600
158528 583
158640 568
158752 551
158864 540
158976 524
159092 510
159208 496
159320 510
159432 527
159544 542
159656 558
159768 572
159880 583
159992 600
160112 608
160224 591
160336 575
160448 560
160560 543
160672 527
160784 515
160896 504
161008 504
161128 519
161240 536
161352 551
161464 568
161576 575
161688 591
161800 608
161912 600
162024 575
162144 568
162256 547
162368 536
162480 519
162592 508
162704 496
162816 512
162928 527
163044 543
163160 560
163272 575
163384 590
163496 604
163608 608
163724 588
163836 572
163948 556
164060 542
164176 527
164288 512
164404 497
164516 508
164628 519
164740 540
164852 551
164964 568
165076 575
165196 600
165308 609
165420 591
165532 575
165644 560
165756 543
165868 536
165980 519
166092 504
166204 497
166324 515
166436 531
166548 543
166660 561
166772 575
166884 591
166996 608
167108 600
167220 583
167340 568
167452 551
167564 540
167676 524
167788 511
167900 496
168012 510
168124 526
168240 542
168356 558
168468 572
168580 583
168692 600
168804 608
168920 591
169032 575
169144 560
169256 543
169372 527
169484 513
169600 504
169712 504
169824 519
169936 536
170048 551
170160 568
170272 575
170392 591
170504 608
170616 600
170728 575
170840 568
170952 551
171064 536
171176 519
171288 508
171408 496
171520 512
171632 527
171744 543
171856 560
171968 575
172080 590
172192 604
172304 608
172424 588
172536 572
172648 558
172760 542
172872 527
172984 512
173096 504
173208 505
173320 519
173440 540
173556 551
173668 568
173780 575
173892 600
174008 609
174120 591
174232 575
174344 561
174456 547
174572 536
174684 519
174796 504
174912 497
175024 513
175136 529
175248 543
175360 561
175472 575
175588 591
175704 608
175816 601
175928 583
176040 568
176152 556
176264 540
176376 526
176488 511
176608 496
176720 510
176832 526
176944 542
177056 558
177168 572
177280 583
177392 600
177504 608
177624 591
177736 575
177848 560
177960 543
178072 527
178184 515
178296 504
178408 504
178520 515
178640 536
178752 547
178864 568
178976 575
179088 591
179200 608
179312 600
179424 575
179540 568
179656 551
179768 536
179880 519
179992 508
180104 496
180220 511
180332 527
180444 543
180556 560
180672 575
180784 590
180900 600
181012 608
181124 588
181236 574
181348 558
181460 542
181572 527
181692 512
181804 499
181916 504
182028 519
182140 536
182252 551
182364 568
182476 575
182588 600
182708 608
182820 591
182932 575
183044 561
183156 543
183268 536
183380 519
183492 505
183604 496
183724 513
183836 531
183948 543
184060 561
184172 575
184284 591
184396 608
184508 604
184620 583
184736 572
184852 551
184964 540
185076 526
185188 512
185300 497
185416 508
185528 526
185640 540
185752 556
185868 572
185980 583
186092 600
186204 608
186316 591
186428 575
186540 561
186652 543
186764 536
186884 515
186996 504
187108 504
187220 515
187332 536
187444 547
187556 568
187668 575
187784 591
187900 608
188012 600
188124 575
188236 568
188348 551
188460 536
188576 519
188688 510
188800 496
188916 511
189028 527
189140 543
189256 560
189368 572
189480 583
189592 600
189704 608
189816 591
189932 574
190048 560
190160 543
190272 527
190384 513
190496 504
190608 504
190720 519
190832 536
190952 551
191064 568
191176 575
191288 591
191400 608
191512 595
191624 575
191736 568
191848 547
191968 536
192080 519
192192 508
192304 496
192416 512
192528 527
192640 543
192752 560
192864 575
192984 590
193096 604
193208 604
193320 583
193432 572
193544 556
193656 540
193772 527
193884 512
194000 497
194112 508
194224 524
194336 540
194452 556
194564 572
194676 583
194788 600
194900 611
195016 591
195132 575
195244 560
195356 543
195468 531
195580 519
195692 504
195804 504
195916 515
196036 536
196148 551
196260 568
196372 575
196484 591
196596 608
196708 600
196820 583
196932 568
197052 551
197164 536
197276 524
197388 510
197500 496
197612 511
197724 527
197836 543
197948 560
198068 574
198180 588
198292 600
198404 608
198516 591
198628 575
198740 560
198852 543
198968 527
199084 513
199196 504
199308 504
199420 519
199532 536
199648 551
199760 568
199872 575
199984 591
200100 608
200212 600
200328 575
200440 568
200552 551
200664 536
200776 519
200888 508
201000 496
201112 512
201228 527
201340 543
201452 560
201564 575
201676 590
201788 604
201900 604
202012 588
202124 572
202244 556
202356 542
202476 527
202588 513
202700 504
202816 504
202932 519
203044 536
203156 551
203268 568
203380 575
203492 595
203604 608
203720 591
203832 575
203948 561
204060 543
204172 536
204284 519
204396 504
204512 496
204624 512
204736 527
204848 543
204964 561
205076 575
205192 590
205304 604
205416 600
205528 583
205640 568
205752 551
205864 540
205976 524
206096 511
206208 496
206320 508
206432 524
206544 540
206656 556
206768 568
206880 583
206992 600
207112 608
207224 591
207336 575
207448 560
207560 543
207672 527
207784 515
207896 504
208008 504
208128 515
208240 536
208352 547
208464 568
208576 575
208688 591
208800 608
208912 600
209028 575
209144 568
209256 551
209368 536
209480 519
209592 510
209708 496
209820 511
209932 527
210044 543
210160 560
210272 575
210388 588
210500 604
210612 608
210724 590
210836 574
210948 560
211060 543
211180 527
211292 513
211404 504
211516 504
211628 519
211740 536
211852 551
211964 568
212076 575
212196 600
212308 608
212420 600
212532 575
212644 568
212756 547
212868 536
212980 519
213092 508
213212 496
213324 513
213436 527
213548 543
213660 560
213772 575
213884 590
213996 604
214108 604
214228 583
214340 572
214452 556
214564 540
214676 526
214788 512
214900 497
215016 508
215128 524
215244 542
215356 556
215468 572
215580 583
215696 600
215808 608
215920 591
216032 575
216144 560
216260 543
216376 529
216488 515
216600 504
216712 504
216824 515
216936 536
217048 547
217160 563
217280 575
217392 591
217504 608
217616 600
217728 575
217840 568
217952 551
218064 536
218176 519
218296 510
218408 496
218520 511
218632 527
218744 543
218856 560
218968 574
219080 583
219192 600
219312 608
219424 591
219536 574
219648 560
219760 543
219872 527
219984 513
220096 504
220212 504
220328 519
220440 536
220552 551
220664 568
220776 575
220892 593
221004 608
221116 600
221228 575
221344 568
221456 547
221572 536
221684 519
221796 508
221908 496
222020 512
222132 527
222244 543
222356 560
222472 575
222584 590
222696 604
222808 604
222920 588
223032 572
223144 556
223256 542
223368 527
223488 512
223600 497
223712 508
223824 519
223936 540
224048 551
224160 568
224272 575
224384 600
224504 611
224616 591
224728 575
224840 561
224952 543
225064 536
225176 519
225292 504
225404 497
225520 515
225632 536
225744 543
225856 561
225972 575
226084 591
226196 608
226308 601
226420 583
226536 568
226652 551
226764 537
226876 524
226988 510
227100 496
227212 510
227324 526
227436 542
227556 558
227668 572
227780 583
227892 600
228004 608
228116 591
228228 575
228340 560
228452 543
228572 527
228684 515
228796 504
228908 504
229020 519
229132 536
229244 551
229356 568
229468 575
229588 593
229700 608
229812 600
229924 575
230036 568
230148 551
230260 536
230372 519
230488 510
230604 496
230716 512
230828 527
230940 543
231052 560
231168 575
231280 590
