28 1023
92 335
152 304
216 255
276 240
340 224
404 192
464 192
528 192
588 192
652 193
712 224
776 254
836 287
900 335
964 384
1024 448
1092 496
1156 543
1216 591
1280 636
1340 671
1404 704
1468 736
1528 768
1592 768
1652 736
1716 716
1776 704
1840 664
1904 632
1964 583
2028 540
2096 481
2156 448
2220 384
2280 352
2344 304
2408 263
2468 248
2532 224
2592 224
2656 207
2716 224
2780 224
2844 254
2904 280
2968 318
3028 353
3096 399
3160 449
3224 504
3284 543
3348 579
3408 624
3472 647
3532 671
3596 704
3656 704
3720 705
3784 704
3844 704
3908 664
3968 638
4032 608
4092 568
4164 515
4224 480
4288 448
4348 385
4412 352
4472 316
4536 286
4600 255
4660 248
4724 240
4784 240
4848 248
4908 255
4972 275
5032 312
5096 335
5164 384
5228 415
5288 460
5352 504
5412 543
5476 575
5540 608
5600 639
5664 655
5724 671
5788 679
5848 688
5912 671
5976 655
6036 639
6100 624
6160 575
6228 543
6292 508
6356 480
6416 423
6480 385
6540 352
6604 319
6664 295
6728 280
6788 255
6852 255
6916 255
6976 255
7040 284
7100 304
7164 319
7232 384
7296 391
7356 448
7420 480
7480 508
7544 540
7604 574
7668 608
7732 624
7792 639
7856 652
7916 655
7980 655
8040 647
8104 639
8164 624
8236 590
8296 568
8360 527
8420 496
8484 455
8544 432
8608 391
8672 384
8732 335
8796 318
8856 295
8920 287
8980 284
9044 286
9108 287
9168 304
9232 319
9300 352
9360 384
9424 408
9488 448
9548 480
9612 508
9672 540
9736 568
9796 590
9860 608
9920 632
9984 638
10048 639
10108 639
10172 632
10232 624
10300 608
10364 575
10428 543
10488 515
10552 496
10612 455
10676 432
10736 391
10800 384
10864 352
10924 319
10988 316
11048 304
11112 304
11172 304
11236 316
11304 319
11368 352
11428 384
11492 387
11552 415
11616 448
11676 480
11740 508
11804 527
11864 560
11928 575
11988 608
12052 608
12112 624
12176 624
12240 624
12300 624
12364 608
12428 575
12492 568
12552 540
12616 511
12676 480
12740 455
12800 432
12864 399
12924 384
12988 384
13052 352
13112 327
13176 319
13236 319
13300 319
13368 327
13432 352
13492 384
13556 384
13616 399
13680 432
13740 449
13804 480
13864 508
13928 527
13992 547
14052 572
14116 583
14176 608
14240 608
14300 608
14372 608
14432 591
14496 575
14556 572
14620 543
14680 527
14744 504
14808 480
14868 449
14932 432
14992 399
15056 384
15116 384
15180 448
15240 496
15304 508
15368 515
15436 519
15496 519
15560 524
15620 519
15684 519
15748 513
15808 512
15872 511
15932 510
15996 508
