24 1023
88 384
148 384
212 352
272 335
336 327
396 318
460 312
524 287
584 286
648 271
716 271
776 271
840 275
900 284
964 287
1028 304
1088 316
1152 327
1212 352
1276 384
1336 387
1400 414
1464 448
1524 455
1588 480
1648 508
1716 527
1780 543
1844 572
1904 583
1968 608
2028 624
2092 624
2152 636
2216 638
2276 639
2340 639
2404 638
2464 636
2528 632
2588 624
2652 608
2712 583
2784 572
2844 543
2908 527
2968 510
3032 496
3092 463
3156 448
3220 423
3280 408
3344 385
3404 384
3468 368
3528 352
3592 327
3652 319
3716 318
3784 316
3848 312
3908 316
3972 316
4032 319
4096 319
4160 352
4220 352
4284 384
4344 384
4408 396
4468 415
4532 448
4596 449
4656 480
4720 496
4788 510
4848 524
4912 543
4976 560
5036 572
5100 575
5160 590
5224 608
5284 608
5348 608
5408 608
5472 608
5536 608
5596 608
5660 588
5720 575
5784 572
5852 560
5916 540
5976 519
6040 510
6100 496
6164 480
6224 455
6288 448
6352 423
6412 412
6476 391
6536 384
6600 384
6660 384
6724 352
6784 352
6856 352
6916 352
6980 352
7040 352
7104 352
7164 352
7228 384
7292 384
7352 384
7416 387
7476 399
7540 415
7600 448
7664 448
7728 460
7788 480
7856 496
7920 510
7980 519
8044 536
8108 543
8168 560
8232 568
8292 572
8356 575
8416 575
8480 575
8540 575
8604 575
8668 574
8728 572
8792 560
8852 551
8920 542
8984 527
9048 513
9108 508
9172 496
9232 480
9296 463
9356 448
9420 448
9484 419
9544 414
9608 399
9668 391
9732 384
9792 384
9856 384
9924 384
9988 384
10048 384
10112 384
10172 384
10236 384
10296 384
10360 384
10424 391
10484 399
10548 414
10608 419
10672 448
10732 448
10796 455
10860 480
10928 481
10988 504
11052 508
11112 512
11176 524
11240 527
11300 542
11364 543
11424 547
11488 551
11548 560
11612 560
11672 551
11736 551
11800 543
11860 542
11924 536
11992 526
12052 515
12116 508
12180 504
12240 496
12304 480
12364 480
12428 451
12488 448
12552 448
12616 432
12676 415
12740 408
12800 399
12864 391
12924 387
12992 384
13056 384
13120 384
13180 384
13244 384
13304 385
13368 391
13428 396
13492 403
13556 412
13616 415
13680 432
13740 448
13804 448
13864 451
13928 480
13992 480
14060 496
14120 504
14184 508
14244 511
14308 515
14372 524
14432 527
14496 536
14556 536
14620 540
14680 540
14744 536
14804 536
14868 527
14932 527
14992 519
15060 513
15124 511
15184 512
15248 512
15312 515
15372 515
15436 515
15496 515
15560 513
15620 512
15684 512
15748 511
15808 510
15872 508
15932 508
15996 508
