20 1023
84 252
148 159
208 96
272 48
332 28
396 35
456 96
520 152
580 252
652 384
712 496
776 608
836 704
900 787
960 864
1024 896
1088 896
1148 847
1212 783
1272 704
1336 608
1396 496
1460 384
1524 271
1584 192
1652 120
1716 71
1776 63
1840 96
1904 127
1964 207
2028 304
2088 399
2152 512
2212 624
2276 704
2336 775
2400 830
2464 847
2524 839
2588 803
2648 768
2716 655
2780 560
2844 451
2904 352
2968 255
3028 192
3092 127
3152 112
3216 97
3280 126
3340 192
3404 252
3464 335
3528 448
3588 527
3652 632
3720 707
3784 769
3844 803
3908 824
3968 799
4032 768
4092 704
4156 624
4220 527
4280 448
4344 352
4404 255
4468 195
4528 156
4592 127
4656 127
4724 163
4784 224
4848 287
4908 384
4972 463
5036 551
5096 638
5160 704
5220 768
5284 780
5344 783
5408 768
5468 736
5532 668
5596 588
5656 510
5720 412
5788 327
5848 255
5912 199
5976 167
6036 158
6100 167
6160 195
6224 255
6284 319
6348 399
6412 481
6472 568
6536 639
6596 704
6660 768
6720 768
6788 768
6852 736
6916 704
6976 632
7040 560
7100 480
7164 391
7224 319
7288 255
7352 224
7412 192
7476 192
7536 195
7600 240
7660 287
7724 352
7792 448
7856 510
7916 575
7980 639
8040 704
8104 736
8168 768
8228 736
8292 704
8352 655
8416 608
8476 527
8540 455
8600 385
8664 319
8728 263
8788 225
8856 224
8920 224
8980 240
9044 255
9108 319
9168 384
9232 448
9292 515
9356 575
9416 639
9480 675
9544 704
9604 711
9668 704
9728 671
9792 632
9860 572
9924 508
9984 448
10048 384
10108 319
10172 271
10232 248
10296 240
10356 240
10420 255
10484 287
10544 352
10608 399
10668 463
10732 527
10792 583
10864 638
10924 671
10988 704
11048 704
11112 671
11172 639
11236 608
11300 543
11360 496
11424 432
11484 384
11548 319
11608 284
11672 255
11732 252
11796 255
11860 284
11924 319
11988 384
12052 432
12112 480
12176 542
12236 590
12300 632
12360 655
12424 671
12488 670
12548 647
12612 624
12672 575
12736 527
12796 480
12860 415
12928 384
12992 319
13052 287
13116 270
13176 255
13240 280
13300 304
13364 352
13428 385
13488 448
13552 496
13612 543
13676 588
13736 624
13800 639
13864 655
13932 639
13992 632
14056 608
14116 551
14180 508
14244 451
14304 399
14368 384
14428 319
14492 295
14552 287
14616 287
14676 304
14740 319
14804 384
14864 408
14928 451
14996 510
15056 551
15120 590
15184 624
15244 639
15308 639
15368 639
15432 632
15492 591
15556 568
15620 540
15680 519
15744 512
15804 510
15868 508
15928 508
15996 504
