24 448
64 399
108 384
148 319
192 287
232 255
284 240
324 224
368 224
408 199
452 199
492 199
536 224
580 224
620 248
664 255
704 287
748 318
788 352
832 384
872 401
916 448
960 463
1000 496
1044 513
1084 542
1128 568
1168 575
1212 591
1256 608
1300 608
1344 624
1388 624
1428 608
1472 608
1512 591
1556 575
1596 572
1640 551
1680 536
1724 512
1768 504
1808 480
1852 460
1892 448
1936 432
1976 414
2020 399
2064 385
2104 384
2148 384
2188 384
2232 384
2272 384
2320 384
2364 384
2408 384
2448 384
2492 387
2532 399
2576 412
2616 415
2660 448
2704 448
2744 455
2788 480
2828 480
2872 496
2912 504
2956 508
3000 511
3040 515
3084 519
3124 519
3168 524
3208 524
3252 519
3292 519
3344 513
3384 511
3428 508
3468 504
3512 496
3552 480
3596 480
3640 480
3680 455
3724 449
3764 448
3808 448
3848 448
3892 448
3936 432
3976 423
4020 415
4060 415
4104 415
4144 419
4188 419
4228 432
4272 448
4316 448
4364 448
4404 448
4448 448
4488 451
4532 455
4576 480
4616 480
4660 480
4700 480
4744 480
4784 496
4828 496
4872 496
4912 496
4956 496
4996 496
5040 496
5080 496
5124 496
5164 496
5208 496
5252 480
5292 480
5336 480
5384 480
5424 480
5468 480
5512 463
5552 455
5596 455
5636 451
5680 449
5720 448
5764 448
5808 448
5848 448
5892 448
5932 448
5976 448
6016 448
6060 448
6100 448
6144 449
6188 451
6228 455
6272 455
6312 460
6356 463
6404 480
6448 480
6488 480
6532 480
6572 480
6616 480
6656 480
6700 480
6744 480
6784 480
6828 480
6868 480
6912 480
6952 480
6996 480
7036 480
7080 480
7124 480
7164 480
7208 480
7248 480
7292 480
7332 480
7376 463
7424 462
7468 460
7508 460
7552 455
7592 455
7636 455
7680 455
7720 455
7764 455
7804 455
7848 455
7888 455
7932 455
7972 460
8016 462
8060 462
8100 463
8144 463
8184 480
8228 480
8268 480
8312 480
8356 480
8396 480
8444 480
8488 480
8528 480
8572 480
8616 480
8656 480
8700 480
8740 480
8784 480
8824 480
8868 480
8908 480
8952 480
8996 480
9036 480
9080 480
9120 463
9164 480
9204 463
9248 460
9292 463
9332 462
9376 460
9416 460
9464 462
9508 460
9552 463
9592 462
9636 463
9676 463
9720 480
9760 480
9804 480
9844 480
9888 480
9932 480
9972 480
10016 480
10056 480
10100 480
10140 480
10184 480
10228 480
10268 480
10312 480
10352 480
10396 480
10436 480
10484 480
10528 480
10572 480
10612 480
10656 480
10696 480
10740 480
10780 480
10824 480
10868 480
10916 480
10960 480
11008 480
11048 463
11092 462
11136 463
11176 463
11220 480
11260 480
11304 480
11344 463
11388 480
11428 480
11472 480
11516 480
11556 480
11600 480
11640 480
11684 480
11724 480
11768 480
11812 480
11852 480
11896 480
11936 480
11980 480
12028 480
12072 480
12112 480
12156 480
12196 480
12240 480
12280 480
12324 480
12364 480
12408 480
12452 480
12492 480
12536 480
12576 480
12620 480
12660 480
12704 480
12748 480
12788 480
12832 480
12872 480
12916 480
12956 480
13000 480
13048 480
13092 480
13132 480
13176 480
13216 480
13260 480
13300 480
13344 480
13388 480
13428 480
13472 480
13512 480
13556 480
13596 480
13640 480
13684 480
13724 480
13768 480
13808 480
13852 480
13892 480
13936 480
13976 480
14020 480
14068 480
14112 480
14152 480
14196 480
14236 480
14280 480
14324 480
14364 480
14408 480
14448 480
14492 480
14532 480
14576 480
14620 480
14660 480
14704 480
14744 480
14788 480
14828 480
14872 480
14912 480
14956 480
15000 480
15040 480
15088 480
15132 463
15172 480
15216 463
15260 480
15300 463
15344 480
15384 463
15428 480
15468 480
15512 463
15556 463
15596 463
15640 480
15680 463
15724 480
15764 480
15808 480
15848 480
15892 480
15936 480
15976 480
16020 480
16060 480
16108 480
16152 480
16196 480
16236 480
16280 463
16320 480
16364 480
16404 480
16448 480
16492 480
16532 480
16576 480
16616 480
16660 480
16700 480
16744 480
16784 480
16828 480
16872 480
16912 480
16956 480
16996 480
17040 480
17080 480
17124 480
17172 480
17216 480
17256 480
17300 480
17340 480
17384 480
17428 480
17468 480
17512 480
17552 480
17596 480
17636 480
17680 480
17720 480
17764 480
17808 480
17848 480
17892 480
17932 480
17976 480
18016 480
18060 480
18104 480
18144 480
18188 480
18232 463
18276 463
18316 463
18360 463
18400 462
18444 462
18484 462
18528 460
18568 460
18612 455
18656 455
18696 460
18740 460
18780 460
18824 462
18864 463
18908 462
18952 463
18992 462
19036 480
19076 480
19120 480
19160 480
19208 480
19252 480
19296 480
19336 480
19380 480
19420 480
19464 480
19504 480
19548 480
19592 480
19632 480
19676 480
19716 480
19760 480
19800 480
19844 480
19884 480
19928 480
19972 480
20012 480
20056 480
20096 480
20140 480
20180 480
20232 480
20272 463
20316 463
20356 480
20400 480
20440 480
20484 480
20528 480
20568 480
20612 480
20652 480
20696 480
20736 480
20780 480
20820 480
20864 480
20908 480
20948 480
20992 480
21032 480
21076 480
21116 480
21160 480
21204 480
21252 480
21292 480
21336 480
21376 480
21420 480
21464 480
21504 480
21548 480
21588 480
21632 480
21672 463
21716 463
21756 480
21804 480
21844 480
21888 480
21936 480
21980 480
22020 480
22064 480
22104 480
22148 480
22188 480
22232 480
22276 480
22316 480
22360 480
22400 480
22444 480
22484 480
22528 480
22568 480
22612 480
22656 480
22696 480
22740 480
22780 480
22824 480
22864 480
22908 480
22956 480
23000 480
23040 480
23084 480
23124 480
23168 480
23212 480
23252 480
23296 480
23336 480
23380 480
23420 480
23464 480
23504 480
23548 480
23592 480
23632 480
23676 480
23716 480
23760 480
23800 480
23844 480
23888 480
23928 480
23976 480
24020 480
24060 480
24104 480
24148 463
24188 480
24232 463
24272 480
24316 463
24356 462
24400 463
24440 460
24484 460
24528 455
24568 460
24612 455
24652 460
24696 460
24736 460
24780 462
24824 460
24864 462
24908 462
24948 480
24996 480
25040 480
25084 480
25124 480
25168 480
25208 480
25252 480
25292 480
25336 480
25376 480
25420 480
25464 480
25504 480
25548 480
25588 480
25632 480
25672 480
25716 480
25760 480
25800 480
25844 480
25884 480
25928 480
25968 480
26016 480
26060 480
26104 480
26144 480
26188 480
26228 480
26272 463
26312 480
26356 480
26400 480
26440 480
26484 480
26524 480
26568 480
26608 480
26652 480
26696 480
26736 480
26780 480
26820 480
26864 480
26904 480
26948 480
26988 480
27032 480
27080 480
27124 480
27164 480
27208 480
27248 480
27292 480
27336 480
27376 480
27420 480
27460 480
27504 463
27544 480
27588 480
27632 480
27672 480
27716 463
27756 480
27800 463
27840 463
27884 463
27924 480
27968 480
28012 480
28052 480
28100 480
28144 480
28184 480
28228 480
28272 480
28312 480
28356 480
28396 480
28440 480
28480 480
28524 480
28568 480
28608 480
28652 480
28692 480
28736 480
28776 480
28820 480
28860 480
28904 480
28948 480
28988 480
29032 480
29072 480
29120 480
29164 480
29208 480
29248 480
29292 463
29332 480
29376 480
29416 480
29460 463
29504 463
29544 480
29588 463
29628 463
29672 448
29712 463
29756 480
29796 480
29840 480
29884 480
29924 480
29968 480
30008 480
30052 480
30092 480
30144 480
30184 480
30228 480
30268 480
30312 480
30352 480
30396 480
30440 480
30480 480
30524 480
30564 480
30608 480
30648 480
30692 480
30732 480
30776 480
30820 480
30860 480
30904 480
30944 480
30988 480
31028 480
31072 480
31116 480
31164 480
31204 480
31248 480
31288 480
31332 480
31376 480
31416 480
31460 480
31500 480
31544 480
31584 480
31628 480
31668 480
31712 480
31756 480
31796 480
31840 480
31880 480
31924 480
31964 480
32008 480
32052 480
32092 480
32136 480
32184 480
32224 480
32268 480
32312 480
32352 480
32396 480
32436 480
32480 480
32520 480
32564 480
32604 480
32648 480
32696 480
32736 480
32780 480
32824 480
32872 480
32912 480
32956 480
32996 480
33040 480
33080 480
33124 480
33168 480
33208 480
33252 463
33292 463
33336 480
33376 480
33420 463
33464 463
33504 480
33548 480
33588 480
33632 463
33672 463
33716 480
33756 480
33800 463
33844 480
33892 480
33932 480
33976 480
34016 480
34060 480
34104 480
34144 480
34188 480
34228 480
34272 480
34312 480
34356 480
34396 480
34440 480
34484 480
34524 480
34568 480
34608 480
34652 480
34692 480
34736 480
34780 480
34820 480
34864 480
34912 480
34952 448
34996 480
35040 480
35080 480
35124 463
35164 463
35208 480
35248 463
35292 463
35332 463
35376 463
35420 480
35460 463
35504 480
35544 480
35588 480
35628 480
35672 463
35716 480
35756 480
35800 480
35840 480
35884 480
35932 480
35976 480
36016 480
36060 480
36100 480
36144 480
36184 480
36228 480
36268 480
36312 480
36356 480
36396 480
36440 480
36480 480
36524 480
36564 480
36608 480
36652 480
36692 480
36736 480
36776 480
36820 480
36860 480
36904 480
36952 480
36996 480
37036 480
37080 480
37120 480
37164 480
37204 480
37248 480
37292 480
37332 480
37376 480
37416 480
37460 480
37500 480
37544 480
37588 480
37628 480
37672 480
37712 480
37756 480
37796 480
37840 480
37880 480
37924 480
37972 480
38016 480
38056 480
38100 480
38140 480
38184 480
38228 480
38268 480
38312 480
38352 480
38396 480
38436 480
38480 480
38524 480
38564 480
38608 480
38648 480
38692 480
38732 480
38776 480
38816 480
38860 480
38904 480
38944 460
38992 480
39036 480
39076 480
39120 480
39164 480
39204 480
39248 480
39288 480
39332 480
39372 480
39416 463
39460 463
39500 480
39544 480
39584 480
39628 480
39668 480
39712 480
39752 480
39796 480
39840 480
39880 480
39924 480
39964 480
40008 480
40056 480
40100 480
40140 480
40184 480
40224 480
40268 480
40308 480
40352 480
40396 480
40436 480
40480 480
40520 480
40564 480
40604 480
40648 480
40688 480
40732 480
40776 480
40816 480
40860 480
40900 480
40944 480
40984 480
41028 463
41072 462
41116 462
41160 462
41200 462
41244 462
41284 462
41328 460
41368 460
41412 462
41452 462
41496 463
41540 463
41580 480
41624 480
41664 480
41708 480
41748 480
41792 480
41836 480
41876 480
41920 480
41960 480
42004 480
42044 480
42092 480
42136 480
42180 480
42220 480
42264 480
42304 480
42348 480
42388 480
42432 480
42472 480
42516 480
42560 480
42600 480
42644 480
42684 480
42728 480
42768 480
42812 480
42856 480
42896 480
42940 480
42980 480
43024 480
43064 480
43112 480
43156 480
43200 480
43240 480
43284 480
43324 480
43368 480
43408 480
43452 480
43496 480
43536 480
43580 480
43620 480
43664 480
43704 480
43752 480
43796 480
43840 480
43880 480
43924 480
43964 480
44008 480
44048 480
44092 480
44136 480
44176 480
44220 480
44260 480
44304 480
44344 480
44388 480
44428 480
44472 480
44516 480
44556 480
44600 480
44640 480
44684 480
44724 480
44776 480
44816 480
44860 480
44900 480
44944 480
44984 480
45028 480
45068 480
45112 480
45156 480
45196 480
45240 480
45280 480
45324 480
45364 480
45408 480
45452 480
45492 480
45536 480
45576 480
45620 480
45660 480
45704 480
45744 480
45796 480
45836 480
45880 480
45920 480
45964 480
46004 480
46048 480
46092 480
46132 480
46176 480
46216 480
46260 480
46300 480
46344 480
46388 480
46428 480
46472 480
46512 463
46556 480
46596 463
46640 462
46680 460
46724 460
46768 460
46816 462
46856 462
46900 462
46940 462
46984 463
47028 480
47068 480
47112 480
47152 480
47196 480
47236 480
47280 480
47324 480
47364 480
47408 480
47448 480
47492 480
47532 480
47576 480
47616 480
47660 480
47704 480
47744 480
47788 480
47836 480
47876 480
47920 480
47964 480
48004 480
48048 480
48088 480
48132 480
48172 480
48216 480
48260 480
48300 480
48344 463
48384 480
48428 480
48468 480
48512 480
48552 480
48596 480
48640 480
48680 480
48724 480
48764 480
48808 480
48856 480
48900 480
48940 480
48984 480
49024 480
49068 480
49108 480
49152 480
49196 480
49236 480
49280 480
49320 480
49364 480
49404 480
49448 480
49488 480
49532 480
49576 480
49616 480
49660 480
49700 480
49744 480
49784 480
49828 480
49876 480
49920 480
49960 480
50004 480
50044 480
50088 480
50132 480
50172 463
50216 480
50256 480
50300 480
50340 480
50384 480
50424 480
50468 480
50512 480
50552 480
50596 480
50636 480
50680 480
50720 480
50764 480
50808 480
50848 480
50896 480
50940 480
50980 480
51024 480
51068 480
51108 480
51152 480
51192 480
51236 480
51276 480
51320 480
51360 480
51404 480
51448 480
51488 480
51532 480
51572 480
51616 480
51656 480
51700 480
51744 480
51784 480
51828 480
51868 480
51912 480
51960 480
52004 480
52044 480
52088 480
52128 480
52172 480
52212 480
52256 480
52296 480
52340 480
52384 463
52424 480
52468 480
52508 463
52552 463
52592 480
52636 463
52680 463
52720 463
52764 463
52804 480
52848 480
52888 463
52932 480
52976 480
53020 480
53064 480
53104 480
53148 480
53188 480
53232 480
53272 480
53316 463
53360 480
53400 480
53444 480
53484 480
53528 480
53568 480
53612 480
53652 480
53696 480
53740 480
53780 480
53824 480
53864 480
53908 480
53948 480
54000 480
54040 480
54084 480
54124 480
54168 480
54208 480
54252 480
54296 480
54336 480
54380 480
54420 480
54472 480
54512 480
54556 480
54596 480
54644 480
54688 480
54732 480
54772 480
54816 480
54856 480
54900 480
54940 480
54984 480
55024 480
55068 480
55112 480
55152 480
55196 480
55236 480
55280 480
55320 480
55364 480
55408 480
55448 463
55492 480
55532 480
55576 480
55616 480
55664 480
55708 480
55752 480
55792 480
55836 480
55876 480
55920 480
55960 480
56004 480
56048 480
56088 480
56132 480
56172 480
56216 480
56256 480
56300 480
56344 480
56384 480
56428 480
56468 480
56512 480
56552 480
56596 480
56636 480
56688 480
56728 480
56772 480
56812 480
56856 480
56896 480
56940 480
56984 480
57024 480
57068 480
57108 480
57152 480
57192 480
57236 480
57276 480
57320 480
57364 480
57404 480
57448 480
57488 480
57532 480
57572 480
57616 480
57660 480
57708 480
57748 480
57792 480
57832 480
57876 480
57920 480
57960 480
58004 463
58044 480
58088 480
58128 463
58172 463
58212 480
58256 463
58300 463
58340 463
58384 463
58424 480
58468 480
58508 480
58552 480
58596 480
58636 480
58680 463
58728 480
58768 480
58812 480
58856 480
58896 480
58940 480
58980 480
59024 480
59064 480
59108 480
59148 480
59192 480
59236 480
59276 480
59320 480
59360 480
59404 480
59444 480
59488 480
59532 480
59572 480
59616 480
59656 480
59700 480
59740 480
59792 480
59832 480
59876 480
59916 480
59960 480
60000 480
60044 480
60084 480
60128 480
60172 480
60212 480
60256 480
60296 480
60340 480
60380 480
60424 480
60468 480
60508 480
60552 480
60592 480
60636 480
60676 480
60720 480
60760 480
60812 480
60852 480
60896 480
60936 480
60980 480
61020 463
61064 480
61108 463
61148 463
61192 460
61232 462
61276 460
61316 460
61360 460
61404 460
61444 460
61488 460
61528 460
61572 460
61612 462
61656 462
61696 462
61740 463
61784 463
61828 462
61872 480
61916 480
61956 480
62000 480
62040 480
62084 480
62124 480
62168 480
62212 480
62252 480
62296 480
62336 480
62380 480
62420 480
62464 480
62504 480
62548 480
62592 480
62632 480
62676 480
62716 480
62760 480
62800 480
62852 480
62892 480
62936 480
62976 480
63020 480
63060 480
63104 480
63148 480
63188 463
63232 480
63272 480
63316 480
63356 480
63400 480
63440 480
63484 480
63528 480
63568 480
63612 480
63652 480
63696 480
63736 480
63780 480
63824 480
63872 480
63912 480
63956 480
63996 480
64040 480
64084 480
64124 480
64168 480
64208 480
64252 480
64292 480
64336 480
64376 480
64420 463
64464 463
64504 463
64548 463
64588 462
64632 480
64672 480
64716 480
64760 480
64800 480
64844 480
64892 480
64932 480
64976 480
65020 480
65060 480
65104 480
65144 480
65188 480
65228 480
65272 480
65312 480
65352 480
65396 480
65436 480
65488 480
65528 480
65572 480
65612 480
65656 480
65696 480
65740 480
65784 480
65824 480
65868 480
65908 480
65952 480
65992 480
66036 480
66080 480
66120 480
66164 480
66204 480
66248 480
66288 480
66332 480
66372 480
66416 480
66460 480
66508 480
66548 480
66592 480
66632 480
66676 480
66720 463
66760 463
66804 462
66844 462
66888 460
66928 455
66972 463
67016 460
67056 460
67100 460
67140 460
67184 460
67224 460
67268 455
67308 462
67352 462
67396 463
67436 463
67480 463
67528 463
67568 480
67612 480
67656 480
67696 480
67740 480
67780 480
67824 480
67864 480
67908 480
67952 480
67992 480
68036 480
68076 480
68120 480
68160 480
68204 480
68244 480
68288 480
68332 480
68372 480
68416 480
68456 480
68500 480
68540 480
68592 480
68632 480
68676 480
68716 480
68760 463
68800 480
68844 460
68888 463
68928 480
68972 480
69012 480
69056 480
69096 480
69140 480
69180 480
69224 480
69268 480
69308 480
69352 480
69392 480
69436 480
69476 480
69520 480
69564 480
69612 480
69652 480
69696 480
69736 480
69780 480
69824 480
69864 480
69908 480
69948 480
69992 480
70032 480
70076 463
70116 463
70160 480
70204 504
70244 513
70288 526
70328 536
70372 540
70412 543
70456 542
70500 542
70540 540
70584 540
70628 527
70672 527
70716 519
70756 515
70800 515
70840 512
70884 511
70924 510
70968 508
71008 508
71052 508
71096 504
71136 504
71180 504
71220 504
71264 504
71304 504
71348 504
71392 496
71432 496
71476 496
71516 496
71560 496
71600 496
71648 496
71692 496
71736 496
71776 496
71820 496
71860 496
71904 496
71944 496
71988 496
72028 496
72072 496
72116 496
72156 496
72200 496
72240 496
72284 496
72324 496
72368 481
72412 480
72452 481
72496 481
72536 481
72580 480
72620 480
72668 480
72712 481
72756 480
72796 480
72840 480
72880 480
72924 480
72964 480
73008 480
73052 480
73092 480
73136 480
73176 480
73220 480
73260 480
73304 480
73344 480
73388 480
73432 480
73472 480
73516 480
73556 480
73600 480
73640 480
73692 480
73732 480
73776 480
73816 480
73860 480
73900 480
73944 480
73988 480
74028 480
74072 480
74112 480
74156 480
74196 480
74240 480
74280 480
74324 480
74368 480
74408 480
74452 480
74492 480
74536 480
74576 480
74620 480
74664 480
74712 480
74752 480
74796 480
74836 480
74880 480
74924 480
74964 480
75008 480
75048 480
75092 480
75132 480
75176 480
75216 480
75260 480
75304 480
75344 480
75388 480
75428 480
75472 480
75512 480
75556 480
75600 480
75640 480
75684 480
75732 480
75772 480
75816 480
75860 480
75900 480
75944 480
75984 480
76028 480
76068 480
76112 480
76152 480
76196 480
76236 480
76280 480
76328 480
76368 480
76412 480
76452 480
76496 480
76540 480
76580 480
76624 480
76664 480
76708 480
76748 480
76792 480
76836 480
76876 480
76920 480
76960 480
77004 480
77044 480
77088 480
77128 480
77172 480
77216 480
77256 480
77300 480
77348 480
77388 480
77432 480
77476 480
77516 480
77560 480
77600 480
77644 480
77684 480
77728 480
77768 480
77812 480
77856 480
77896 480
77940 480
77980 480
78024 480
78064 480
78108 480
78152 480
78192 480
78236 480
78276 480
78320 480
78368 480
78412 480
78452 480
78496 480
78536 480
78580 480
78620 480
78664 480
78704 480
78748 480
78792 480
78832 480
78876 480
78916 480
78960 480
79000 480
79044 480
79088 480
79128 480
79172 480
79212 480
79256 480
79296 480
79340 480
79388 480
79432 480
79472 480
79516 480
79556 480
79600 480
79640 480
79684 480
79728 480
79768 480
79812 480
79852 480
79896 480
79936 480
79980 480
80024 480
80064 480
80108 480
80148 480
80192 480
80232 480
80276 480
80316 480
80360 480
80408 480
80452 480
80492 480
80536 480
80576 480
80620 480
80664 480
80704 480
80748 480
80788 480
80832 480
80872 480
80916 480
80960 480
81000 480
81044 480
81084 480
81128 480
81168 480
81212 480
81252 480
81296 480
81340 480
81380 480
81428 480
81472 480
81512 480
81556 480
81600 480
81640 480
81684 480
81724 480
81768 480
81808 480
81852 480
81896 480
81936 480
81980 480
82020 480
82064 480
82104 480
82148 480
82188 480
82232 480
82276 480
82316 480
82360 480
82400 480
82448 480
82492 480
82536 480
82576 480
82620 480
82660 480
82704 480
82744 480
82788 480
82832 480
82872 480
82916 480
82956 480
83000 480
83040 480
83084 480
83124 480
83168 480
83212 480
83252 480
83296 480
83336 480
83380 480
83420 480
83472 480
83512 480
83556 480
83596 480
83640 480
83680 480
83724 480
83768 480
83808 480
83852 480
83892 480
83936 480
83976 480
84020 480
84060 480
84104 480
84148 480
84188 480
84232 480
84272 480
84316 480
84356 480
84400 480
84444 480
84484 480
84532 480
84576 480
84616 480
84660 480
84704 480
84744 480
84788 480
84828 480
84872 480
84912 480
84956 480
84996 480
85040 480
85084 480
85124 480
85168 480
85208 480
85252 480
85292 480
85336 480
85380 480
85420 480
85464 480
85504 480
85552 480
85596 480
85640 480
85680 480
85724 480
85764 480
85808 480
85848 480
85892 480
85932 480
85976 480
86020 480
86060 480
86104 480
86144 480
86188 480
86228 480
86272 480
86316 480
86356 480
86400 480
86440 480
86484 480
86524 480
86572 480
86616 480
86660 480
86700 480
86744 480
86784 480
86828 480
86868 480
86912 480
86952 480
86996 480
87040 480
87080 480
