24 1023
64 287
108 199
152 135
192 96
236 48
276 7
320 0
360 0
404 7
448 35
496 96
536 152
580 224
620 304
664 387
708 480
748 568
792 639
832 736
876 783
916 839
960 896
1000 911
1044 926
1088 924
1128 899
1172 880
1212 824
1256 768
1296 704
1340 624
1384 527
1424 448
1468 384
1508 271
1556 206
1600 143
1644 96
1684 62
1728 31
1768 30
1812 31
1852 62
1896 96
1936 143
1980 199
2024 271
2064 352
2108 432
2148 508
2192 575
2232 655
2276 736
2320 775
2360 828
2404 864
2444 896
2488 896
2528 865
2580 839
2620 799
2664 768
2704 704
2748 624
2788 547
2832 480
2872 396
2916 319
2960 255
3000 195
3044 143
3084 112
3128 79
3168 63
3212 63
3256 79
3296 112
3340 143
3380 193
3424 255
3464 319
3508 387
3548 462
3596 543
3640 624
3684 671
3724 992
3768 775
3808 816
3852 831
3892 844
3936 839
3976 828
4020 798
4064 768
4104 704
4148 639
4188 575
4232 512
4272 448
4316 384
4360 312
4400 252
4444 193
4484 158
4528 126
4568 112
4616 96
4660 112
4704 126
4744 158
4788 195
4828 252
4872 312
4912 384
4956 448
5000 508
5040 572
5084 632
5124 688
5168 736
5208 768
5252 798
5292 816
5336 824
5380 799
5420 783
5464 768
5504 711
5548 664
5588 608
5640 540
5680 480
5724 412
5764 352
5808 287
5848 248
5892 199
5932 163
5976 143
6020 127
6060 127
6104 143
6144 163
6188 195
6228 248
6272 287
6316 352
6356 401
6400 480
6440 527
6484 583
6524 639
6568 688
6608 736
6660 768
6700 771
6744 783
6784 780
6828 768
6868 768
6912 707
6956 668
6996 624
7040 568
7080 508
7124 448
7164 387
7208 335
7252 287
7292 248
7336 224
7376 192
7420 159
7460 159
7504 159
7544 192
7588 199
7632 240
7680 286
7720 332
7764 384
7804 448
7848 504
7892 547
7932 608
7976 639
8016 704
8060 736
8100 768
8144 768
8188 768
8228 768
8272 736
8312 704
8356 671
8396 632
8440 575
8480 527
8524 480
8568 423
8608 384
8652 319
8700 271
8740 240
8784 224
8828 192
8868 192
8912 192
8952 192
8996 224
9036 248
9080 271
9124 318
9164 384
9208 414
9248 480
9292 513
9332 568
9376 608
9416 639
9460 688
9504 705
9544 736
9588 736
9628 736
9672 718
9720 704
9764 668
9804 636
9848 583
9888 543
9932 496
9972 448
10016 391
10060 352
10100 312
10144 271
10184 248
10228 224
10268 224
10312 199
10352 224
10396 224
10440 248
10480 271
10524 312
10564 352
10608 391
10648 448
10692 496
10740 542
10784 575
10824 624
10868 652
10916 704
10956 704
11000 711
11040 711
11084 705
11124 704
11168 671
11212 639
11252 608
11296 568
11336 519
11380 480
11420 432
11464 384
11508 352
11548 312
11592 271
11632 254
11680 240
11724 224
11764 225
11808 240
11852 254
11892 280
11936 312
11976 352
12020 384
12060 432
12104 480
12144 512
12188 560
12232 608
12272 632
12316 655
12356 671
12400 704
12440 704
12484 704
12528 679
12568 668
12612 639
12652 609
12700 572
12744 527
12784 496
12828 448
12872 403
12912 384
12956 327
12996 304
13040 271
13080 255
13124 252
13168 248
13208 252
13252 255
13292 280
13336 304
13376 335
13420 384
13460 408
13504 448
13548 496
13588 526
13632 568
13672 608
13720 632
13764 639
13808 664
13848 671
13892 671
13932 668
13976 652
14016 636
14060 608
14104 575
14144 543
14188 508
14228 480
14272 448
14312 387
14356 368
14396 319
14440 304
14484 284
14524 263
14568 255
14608 255
14652 268
14692 284
14744 312
14784 327
14828 384
14868 391
14912 448
14952 480
14996 508
15040 542
15080 574
15124 608
15164 624
15208 639
15248 639
15292 647
15332 647
15376 639
15420 632
15460 608
15504 575
15544 551
15588 519
15628 496
15672 448
15716 415
15756 384
15804 352
15848 319
15888 312
15932 287
15976 284
16016 280
16060 284
16100 287
16144 312
16184 327
16228 352
16268 384
16312 415
16356 448
16396 480
16440 512
16480 543
16524 574
16564 608
16608 624
16652 636
16692 638
16736 639
16776 636
16824 624
16868 608
16912 579
16952 568
16996 527
17036 504
17080 480
17120 448
17164 412
17204 384
17248 352
17292 327
17332 318
17376 312
17416 304
17460 304
17500 312
17544 319
17588 335
17628 368
17672 384
17712 412
17756 448
17796 480
17844 508
17888 536
17932 568
17972 575
18016 608
18056 624
18100 632
18140 632
18184 632
18224 624
18268 608
18312 583
18352 572
18396 543
18436 512
18480 496
18520 451
18564 432
18608 399
18648 384
18692 352
18732 335
18776 319
18816 318
18864 318
18908 319
18952 319
18992 352
19036 368
19076 384
19120 399
19160 448
19204 455
19244 496
19288 512
19332 542
19372 568
19416 575
19456 608
19500 608
19540 624
19584 624
19628 608
19668 608
19712 583
19752 572
19796 547
19836 521
19884 504
19928 480
19972 448
20012 415
20056 391
20096 384
20140 352
20180 352
20224 327
20268 319
20308 319
20352 327
20392 352
20436 368
20476 384
20520 391
20560 415
20604 448
20648 480
20688 496
20732 515
20772 543
20816 568
20856 575
20908 583
20948 608
20992 608
21032 608
21076 590
21116 575
21160 568
21204 543
21244 526
21288 508
21328 480
21372 451
21412 448
21456 412
21496 387
21540 384
21584 368
21624 352
21668 352
21708 352
21752 352
21800 352
21844 352
21892 384
21936 387
21976 415
22020 448
22060 463
22104 496
22144 512
22188 540
22232 560
22272 574
22316 583
22356 608
22400 608
22440 608
22484 608
22528 583
22568 575
22612 560
22652 540
22696 513
22736 496
22780 480
22820 448
22864 419
22912 398
22956 384
22996 384
23040 352
23080 352
23124 352
23168 352
23208 352
23252 368
23292 384
23336 384
23376 408
23420 448
23464 448
23504 480
23548 504
23588 515
23632 540
23672 560
23716 572
23756 575
23800 583
23844 588
23884 583
23932 575
23976 572
24016 560
24060 540
24104 519
24144 504
24188 480
24228 455
24272 448
24312 415
24356 391
24400 384
24440 384
24484 368
24524 352
24568 352
24608 352
24652 384
24692 384
24736 384
24780 399
24820 415
24864 448
24904 455
24952 496
24996 508
25040 524
25080 543
25124 560
25164 572
25208 575
25248 575
25292 575
25336 575
25376 572
25420 560
25460 542
25504 519
25544 510
25588 496
25628 480
25672 448
25716 423
25756 408
25800 387
25840 384
25884 384
25924 384
25976 368
26016 384
26060 384
26100 384
26144 384
26184 396
26228 415
26272 448
26312 451
26356 480
26396 496
26440 511
26480 527
26524 543
26564 551
26608 568
26652 572
26692 572
26736 572
26776 568
26820 560
26860 543
26904 526
26948 511
26988 496
27036 480
27080 451
27120 448
27164 415
27208 399
27248 387
27292 384
27332 384
27376 384
27416 384
27460 384
27500 384
27544 384
27588 396
27628 414
27672 448
27712 448
27756 463
27796 480
27840 504
27884 512
27924 527
27968 543
28008 551
28056 568
28100 568
28144 568
28184 560
28228 547
28268 543
28312 527
28352 513
28396 504
28436 481
28480 480
28524 448
28564 448
28608 415
28648 399
28692 387
28732 384
28776 384
28820 384
28860 384
28904 384
28944 387
28988 399
29028 414
29076 432
29120 448
29164 455
29204 480
29248 496
29288 510
29332 519
29372 529
29416 542
29456 543
29500 551
29544 560
29584 551
29628 543
29668 543
29712 527
29752 518
29796 508
29840 496
29880 480
29924 460
29964 448
30008 448
30048 415
30096 399
30140 391
30184 387
30224 384
30268 384
30308 387
30352 391
30392 399
30436 412
30476 419
30520 448
30564 448
30604 480
30648 480
30688 496
30732 510
30772 515
30816 527
30860 540
30900 542
30944 543
30984 543
31028 543
31068 542
31116 527
31160 519
31204 510
31244 504
31288 480
31328 480
31372 451
31412 448
31456 432
31500 415
31540 408
31584 399
31624 391
31668 391
31708 391
31752 391
31792 399
31836 408
31880 415
31920 432
31964 448
32004 449
32048 480
32088 480
32140 496
32180 508
32224 512
32264 519
32308 527
32348 531
32392 536
32436 527
32476 527
32520 519
32560 512
32604 508
32644 496
32692 496
32736 480
32780 462
32820 448
32864 448
32904 423
32948 415
32988 412
33032 399
33072 399
33116 399
33160 399
33208 408
33248 412
33292 415
33332 448
33376 448
33420 451
33460 480
33504 480
33544 496
33588 504
33628 511
33672 515
33712 526
33756 527
33800 531
33840 529
33884 527
33924 526
33968 519
34008 511
34052 508
34096 496
34136 480
34180 480
34228 451
34268 448
34312 448
34356 423
34396 415
34440 414
34480 412
34524 408
34564 412
34608 414
34648 415
34692 419
34736 448
34776 448
34820 448
34860 460
34904 480
34944 480
34988 496
35032 508
35072 511
35116 513
35156 519
35200 524
35248 521
35292 519
35332 519
35376 512
35416 510
35460 504
35500 496
35544 480
35584 480
35628 460
35672 448
35712 448
35756 448
35796 432
35840 415
35880 415
35924 415
35968 415
36008 415
36052 415
36092 423
36136 448
36176 448
36220 448
36268 455
36312 480
36352 480
36396 496
36436 496
36480 504
36520 510
36564 511
36608 512
36648 512
36692 512
36732 512
36776 511
36816 508
36860 504
36904 496
36944 480
36988 480
37028 455
37072 448
37112 448
37156 448
37196 423
37240 415
37288 414
37332 414
37372 412
37416 414
37456 415
37500 415
37544 419
37584 448
37628 448
37668 448
37712 455
37752 480
37796 480
37840 481
37880 496
37924 504
37964 508
38008 511
38048 512
38092 512
38132 512
38176 510
38220 508
38260 504
38308 496
38352 480
38392 480
38436 480
38480 455
38520 448
38564 448
38604 448
38648 423
38688 415
38732 415
38776 415
38816 415
38860 415
38900 419
38944 423
38984 448
39028 448
39068 448
39112 451
39156 460
39196 480
39240 480
39280 496
39328 496
39372 504
39416 508
39456 510
39500 511
39540 510
39584 510
39624 508
39668 504
39712 496
39752 496
39796 480
39836 480
39880 462
39920 451
39964 448
40004 448
40048 448
40092 448
40132 432
40176 419
40216 419
40260 423
40300 423
40344 448
40392 448
40436 448
40476 448
40520 451
40560 462
40604 480
40648 480
40688 496
40732 496
40772 504
40816 504
40856 508
40900 508
40940 508
40984 508
41028 508
41068 504
41112 496
41152 496
41196 480
41236 480
41280 480
41324 455
41364 449
41408 448
41452 448
41496 448
41536 448
41580 432
41620 432
41664 432
41704 432
41748 448
41788 448
41832 448
41876 448
41916 451
41960 455
42000 480
42044 480
42084 480
42128 496
42172 496
42212 496
42256 504
42296 504
42340 504
42380 504
42428 504
42472 504
42516 496
42556 496
42600 480
42640 480
42684 480
42724 462
42768 451
42812 448
42852 448
42896 448
42936 448
42980 448
43020 448
43064 432
43104 448
43148 448
43192 448
43232 448
43276 448
43316 448
43360 451
43400 455
43452 480
43492 480
43536 480
43584 481
43628 496
43672 496
43712 496
43756 504
43796 504
43840 504
43880 496
43924 496
43964 496
44008 480
44052 480
44092 480
44136 480
44176 455
44220 449
44260 448
44304 448
44348 448
44388 448
44436 448
44480 448
44520 448
44564 448
44604 448
44648 448
44692 448
44732 448
44776 451
44816 455
44860 480
44900 480
44944 480
44984 481
45028 496
45072 496
45112 496
45156 504
45196 504
45240 504
45280 496
45324 496
45368 496
45408 496
45456 480
45500 480
45540 480
45584 462
45624 455
45668 449
45712 448
45752 448
45796 448
45836 448
45880 448
45920 448
45964 448
46008 448
46048 448
46092 448
46132 448
46176 451
46216 455
46260 480
46300 480
46344 480
46388 480
46428 481
46476 496
46520 496
46560 496
46604 496
46648 504
46688 496
46732 496
46772 496
46816 481
46856 480
46900 480
46944 480
46984 480
47028 455
47068 451
47112 448
47152 448
47196 448
47236 448
47280 448
47324 448
47364 448
47408 448
47448 448
47496 448
47540 448
47584 448
47624 455
47668 455
47708 480
47752 480
47792 480
47836 480
47880 481
47920 496
47964 496
48004 496
48048 496
48088 496
48132 496
48172 496
48216 480
48260 480
48300 480
48344 480
48384 480
48428 455
48468 451
48520 448
48560 448
48604 448
48644 448
48688 448
48728 448
48772 448
48816 448
48856 448
48900 448
48940 448
48984 448
49024 449
49068 455
49108 460
49152 480
49196 480
49236 480
49280 480
49320 480
49364 480
49404 480
49448 496
49492 496
49540 480
49580 480
49624 480
49664 480
49708 480
49752 480
49792 480
49836 460
49876 455
49920 451
49960 448
50004 448
50044 448
50088 448
50132 448
50172 448
50216 448
50256 448
50300 448
50340 448
50384 448
50428 451
50468 451
50512 455
50552 480
50600 480
50644 480
50688 480
50728 480
50772 480
50812 480
50856 480
50896 481
50940 480
50980 480
51024 480
51068 480
51108 480
51152 480
51192 480
51236 480
51276 480
51320 455
51364 455
51404 449
51448 449
51488 448
51532 448
51572 448
51624 448
51664 448
51708 448
51748 449
51792 451
51832 455
51876 460
51916 480
51960 480
52004 480
52044 480
52088 480
52128 480
52172 496
52212 496
52256 496
52300 496
52340 496
52384 496
52424 496
52468 480
52508 480
52552 480
52592 480
52640 480
52684 480
52728 462
52768 455
52812 451
52852 451
52896 448
52936 448
52980 448
53020 448
53064 448
53108 448
53148 449
53192 451
53232 455
53276 455
53316 463
53360 480
53404 480
53444 480
53488 480
53528 480
53572 480
53612 481
53660 496
53704 496
53748 496
53788 496
53832 481
53872 480
53916 480
53956 480
54000 480
54044 480
54084 480
54128 480
54168 460
54212 455
54252 451
54296 449
54336 449
54380 448
54424 448
54472 448
54512 448
54564 448
54604 448
54648 448
54688 449
54732 455
54772 455
54816 463
54860 480
54900 480
54944 480
54984 480
55028 480
55068 480
55112 496
55152 481
55196 481
55240 480
55280 480
55324 480
55364 480
55408 480
55448 480
55492 480
55536 480
55576 480
55624 460
55668 455
55708 455
55752 451
55796 451
55836 449
55880 451
55920 449
55964 449
56004 451
56048 451
56088 455
56132 455
56176 463
56216 480
56260 480
56300 480
56344 480
56384 480
56428 480
56472 480
56512 480
56556 480
56596 496
56644 480
56688 480
56732 480
56772 480
56816 480
56856 480
56900 480
56940 480
56984 480
57024 463
57068 460
57112 455
57152 455
57196 451
57236 451
57280 451
57320 451
57364 449
57408 451
57448 455
57492 455
57532 455
57576 460
57616 480
57664 480
57708 480
57752 480
57792 480
57836 480
57876 480
57920 480
57960 480
58004 480
58044 480
58088 480
58132 480
58172 480
58216 480
58256 480
58300 480
58340 480
58384 480
58428 480
58468 462
58512 455
58552 455
58596 451
58636 451
58684 449
58728 448
58772 448
58812 449
58856 449
58896 451
58940 455
58980 455
59024 455
59064 462
59108 480
59152 480
59192 480
59236 480
59276 480
59320 480
59360 480
59404 480
59448 480
59488 480
59532 480
59572 480
59616 480
59656 480
59704 480
59748 480
59792 480
59832 480
59876 462
59916 455
59960 455
60000 455
60044 451
60088 451
60128 451
60172 449
60212 449
60256 448
60296 451
60340 455
60380 455
60424 455
60468 460
60508 480
60552 480
60592 480
60636 480
60676 480
60728 480
60768 480
60812 480
60852 480
60896 480
60936 480
60980 480
61024 480
61064 480
61108 480
61148 480
61192 480
61232 480
61276 480
61316 463
61360 462
61404 455
61444 455
61488 451
61528 451
61572 451
61612 451
61656 451
61700 451
61748 455
61788 455
61832 459
61872 463
61916 480
61960 480
62000 480
62044 480
62084 480
62128 480
62168 480
62212 480
62252 480
62296 480
62340 480
62380 480
62424 480
62464 480
62508 480
62548 480
62592 480
62636 480
62676 480
62720 480
62768 462
62808 455
62852 455
62896 455
62936 455
62980 455
63020 455
63064 455
63104 455
63148 455
63188 455
63232 462
63276 463
63316 480
63360 480
63400 480
63444 480
63484 480
63528 480
63572 480
63612 480
63656 480
63696 480
63740 480
63788 480
63828 480
63872 480
63916 480
63956 480
64000 480
64040 480
64084 480
64124 480
64168 463
64212 462
64252 455
64296 455
64336 455
64380 455
64420 455
64464 455
64504 455
64548 455
64592 460
64632 460
64676 463
64716 480
64760 480
64808 480
64852 480
64892 480
64936 480
64976 480
65020 480
65060 480
65104 480
65148 480
65188 480
65232 480
65272 480
65316 480
65364 480
65408 480
65452 480
65492 480
65536 480
65576 480
65620 480
65660 462
65708 462
65752 462
65796 455
65836 455
65880 455
65920 455
65964 455
66004 455
66048 462
66092 462
66132 480
66176 480
66216 480
66260 480
66300 480
66344 480
66384 480
66428 480
66472 480
66512 480
66556 480
66596 480
66640 480
66680 480
66728 480
66772 480
66816 480
66856 480
66900 480
66940 480
66984 480
67024 480
67068 480
67108 480
67152 480
67196 462
67236 460
67280 460
67320 460
67364 460
67404 455
67448 460
67492 462
67532 463
67576 463
67616 480
67660 480
67700 480
67748 480
67792 480
67836 480
67876 480
67920 480
67960 480
68004 480
68044 480
68088 480
68128 480
68172 480
68216 480
68256 480
68300 480
68340 462
68384 455
68424 455
68468 455
68512 455
68552 455
68596 451
68636 455
68680 451
68720 451
68768 451
68812 451
68856 454
68896 455
68940 455
68980 455
69024 455
69064 462
69108 480
69152 480
69192 480
69236 480
69276 480
69320 480
69360 480
69404 480
69444 480
69488 480
69532 480
69572 480
69616 480
69656 480
69700 480
69740 480
69792 460
69832 460
69876 455
69916 455
69960 455
70000 455
70044 451
70088 451
70128 455
70172 455
70212 455
70256 455
70296 455
70340 455
70380 455
70424 455
70468 462
70508 480
70552 480
70592 480
70636 480
70676 480
70720 480
70764 480
70812 480
70852 480
70896 480
70936 480
70980 480
71024 480
71064 480
71108 480
71148 480
71192 480
71232 480
71276 460
71316 462
71360 460
71404 462
71444 455
71488 455
71528 455
71572 455
71612 455
71656 455
71700 460
71740 462
71784 480
71832 480
71872 480
71916 480
71960 480
72000 480
72044 480
72084 480
72128 480
72168 480
72212 480
72252 480
72296 480
72340 480
72380 480
72424 480
72464 480
72508 480
72548 480
72592 480
72636 480
72676 480
72720 463
72760 462
72804 462
72852 460
72896 455
72936 455
72980 460
73020 455
73064 460
73104 460
73148 480
73188 462
73232 463
73276 462
73316 480
73360 480
73400 480
73444 480
73484 480
73528 480
73572 480
73612 480
73656 480
73696 480
73740 480
73780 480
73824 480
73872 480
73916 480
73956 480
74000 480
74040 480
74084 463
74124 462
74168 455
74212 460
74252 455
74296 455
74336 455
74380 455
74420 460
74464 455
74508 455
74548 455
74592 460
74632 455
74676 460
74716 462
74760 480
74800 463
74844 463
74892 462
74936 480
74976 480
75020 463
75060 480
75104 480
75148 480
75188 480
75232 480
75272 480
75316 480
75356 480
75400 463
75444 463
75484 462
75528 462
75568 455
75612 455
75652 460
75696 455
75736 455
75780 455
75824 455
75864 455
75912 455
75956 455
75996 455
76040 455
76084 455
76124 455
76168 455
76208 460
76252 480
76292 480
76336 480
76380 480
76420 480
76464 480
76504 480
76552 480
76596 480
76636 480
76680 480
76724 480
76764 480
76808 480
76848 480
76892 480
76932 480
76976 463
77020 455
77060 455
77104 460
77144 462
77188 460
77228 455
77272 455
77312 460
77356 455
77400 455
77440 455
77484 455
77524 460
77572 460
77616 460
77660 463
77700 462
77744 462
77784 463
77828 463
77868 480
77912 463
77956 480
77996 480
78040 480
78080 480
78124 480
78164 480
78208 463
78248 463
78292 460
78336 463
78376 462
78420 460
78460 455
78504 455
78544 455
78596 455
78636 455
78680 455
78720 455
78764 455
78804 455
78848 455
78892 455
78932 460
78976 455
79016 460
79060 460
79100 462
79144 480
79184 462
79228 480
79272 480
79312 480
79356 480
79396 480
79440 480
79480 480
79524 480
79568 480
79616 480
79656 480
79700 463
79740 460
79784 462
79828 455
79868 455
79912 455
79952 455
79996 455
80036 455
80080 455
80120 455
80164 455
80208 455
80248 455
80292 460
80332 460
80376 462
80416 462
80460 480
80504 480
80544 480
80588 480
80636 480
80676 480
80720 480
80764 480
80804 480
80848 480
80888 480
80932 480
80972 480
81016 480
81056 480
81100 480
81144 480
81184 480
81228 480
81268 480
81312 480
81352 480
81396 480
81440 480
81480 480
81524 480
81564 480
81608 480
81656 480
81700 480
81740 480
81784 480
81824 480
81868 480
81908 480
81952 480
81992 480
82036 480
82080 480
82120 480
82164 480
82204 480
82248 480
82288 480
82332 480
82376 480
82416 480
82460 480
82500 480
82544 480
82584 480
82628 480
82676 480
82720 480
82760 480
82804 480
82844 480
82888 480
82928 480
82972 480
83016 480
83056 480
83100 480
83140 480
83184 480
83224 480
83268 480
83312 480
83352 480
83396 480
83436 480
83480 480
83520 480
83564 480
83604 480
83648 480
83692 480
83740 480
83780 480
83824 480
83864 480
83908 480
83952 480
83992 480
84036 480
84076 480
84120 480
84160 480
84204 480
84248 480
84288 480
84332 463
84372 463
84416 463
84456 462
84500 462
84540 460
84584 462
84628 462
84668 462
84712 462
84760 463
84800 480
84844 480
84888 480
84928 480
84972 480
85012 480
85056 480
85096 480
85140 480
85184 480
85224 480
85268 480
85308 480
85352 480
85392 480
85436 480
85476 480
85520 480
85564 480
85604 480
85648 480
85688 480
85732 463
85776 462
85820 460
85864 463
85904 463
85948 463
85988 463
86032 480
86072 480
86116 480
86156 463
86200 480
86244 480
86284 480
86328 480
86368 480
86412 480
86452 480
86496 480
86540 480
86580 480
86624 480
86664 480
86708 480
86748 480
86796 480
86840 480
86884 480
86924 480
86968 480
87008 480
87052 480
87092 480
