24 448
64 408
108 384
148 352
196 319
240 304
284 287
324 287
368 291
408 312
452 319
492 352
536 384
576 408
620 448
664 480
704 508
748 536
788 568
832 582
872 608
916 608
960 624
1000 624
1044 608
1084 590
1128 574
1168 543
1216 515
1260 496
1304 455
1344 448
1388 399
1428 384
1472 384
1512 352
1556 335
1600 327
1640 327
1684 352
1724 352
1768 384
1808 384
1852 412
1896 448
1936 462
1980 496
2020 511
2064 536
2104 547
2148 568
2188 575
2240 575
2280 575
2324 575
2364 572
2408 560
2448 536
2492 513
2536 496
2576 480
2620 448
2660 432
2704 408
2744 387
2788 384
2832 384
2872 384
2916 384
2956 384
3000 384
3040 384
3084 396
3124 415
3168 448
3212 449
3260 480
3300 504
3344 512
3384 527
3428 542
3472 547
3512 560
3556 560
3596 560
3640 543
3680 542
3724 527
3768 511
3808 504
3852 480
3892 455
3936 448
3976 432
4020 414
4060 399
4104 391
4148 384
4188 384
4232 384
4280 387
4320 398
4364 412
4408 419
4448 448
4492 451
4532 480
4576 481
4616 504
4660 511
4704 519
4744 527
4788 536
4828 542
4872 542
4912 540
4956 527
4996 519
5040 510
5084 504
5124 480
5168 480
5208 451
5252 448
5300 432
5344 415
5384 408
5428 399
5468 399
5512 399
5552 399
5596 408
5640 415
5680 423
5724 448
5764 448
5808 460
5848 480
5892 496
5932 504
5976 508
6020 512
6060 515
6104 519
6144 519
6188 524
6228 515
6272 512
6316 508
6364 496
6404 480
6448 480
6488 455
6532 448
6576 448
6616 448
6660 419
6700 415
6744 415
6784 414
6828 415
6868 415
6912 419
6956 448
6996 448
7040 448
7080 455
7124 480
7164 480
7208 496
7252 504
7292 504
7336 510
7384 511
7424 512
7468 511
7512 511
7552 508
7596 504
7636 496
7680 481
7720 480
7764 480
7804 455
7848 448
7892 448
7932 448
7976 448
8016 432
8060 423
8100 423
8144 432
8188 448
8228 448
8272 448
8312 448
8356 451
8400 480
8444 480
8488 480
8528 496
8572 496
8612 504
8656 504
8696 504
8740 508
8780 508
8824 504
8868 496
8908 496
8952 481
8992 480
9036 480
9076 462
9120 451
9164 448
9204 448
9248 448
9288 448
9332 448
9372 448
9420 448
9464 448
9508 448
9548 448
9592 448
9632 451
9676 455
9716 480
9760 480
9804 480
9844 496
9888 496
9928 496
9972 496
10012 496
10056 496
10096 496
10140 496
10184 496
10224 480
10268 480
10308 480
10352 480
10392 455
10444 451
10484 448
10528 448
10568 448
10612 448
10652 448
10696 448
10740 448
10780 448
10824 448
10864 448
10912 455
10956 460
10996 480
11040 480
11088 480
11132 480
11172 480
11216 480
11256 481
11300 496
11344 496
11384 481
11428 480
11468 480
11512 480
11552 480
11596 480
11636 480
11680 462
11724 455
11764 451
11808 451
11848 448
11892 448
11932 448
11976 448
12020 448
12060 448
12108 451
12152 455
12192 455
12236 463
12280 480
12320 480
12364 480
12404 480
12448 480
12488 480
12532 480
12572 480
12616 480
12660 480
12700 480
12744 480
12784 480
12828 480
12868 480
12912 480
12956 463
12996 455
13040 455
13080 451
13128 449
13172 449
13216 448
13256 448
13300 449
13340 449
13384 449
13424 455
13468 455
13508 462
13552 463
13596 480
13636 480
13680 480
13720 480
13764 480
13804 480
13848 480
13892 480
13932 480
13976 480
14016 480
14060 480
14100 480
14148 480
14192 480
14236 463
14276 455
14320 455
14360 451
14404 451
14444 449
14488 449
14532 451
14572 451
14616 451
14656 451
14700 455
14740 455
14784 462
14828 480
14868 480
14912 480
14952 480
14996 480
15036 480
15080 480
15120 480
15172 480
15212 480
15256 480
15296 480
15340 480
15380 480
15424 480
15468 480
15508 480
15552 462
15592 460
15636 455
15676 455
15720 451
15764 451
15804 451
15848 451
15888 451
15932 455
15972 455
16016 455
16056 462
16100 463
16144 480
16184 480
16232 480
16276 480
16316 480
16360 480
16404 480
16444 480
16488 480
16528 480
16572 480
16612 480
16656 480
16700 480
16740 480
16784 480
16824 480
16868 462
16908 460
16952 455
16992 455
17036 455
17080 455
17120 455
17164 455
17204 455
17252 455
17296 460
17340 463
17380 463
17424 480
17464 480
17508 480
17548 480
17592 480
17636 480
17676 480
17720 480
17760 480
17804 480
17844 480
17888 480
17928 480
17972 480
18016 480
18056 480
18100 480
18140 463
18184 462
18224 460
18272 460
18316 455
18360 455
18400 455
18444 455
18484 455
18528 462
18568 462
18612 462
18656 480
18696 480
18740 480
18780 480
18824 480
18864 480
18908 480
18948 480
18992 480
19036 480
19076 480
19120 480
19160 480
19204 480
19244 480
19292 480
19336 480
19380 480
19420 463
19464 462
19504 463
19548 455
19588 462
19632 460
19676 462
19716 460
19760 462
19800 460
19844 463
19884 463
19928 463
19968 480
20012 480
20056 480
20096 480
20140 480
20180 480
20224 480
20264 480
20316 480
20356 480
20400 480
20440 480
20484 480
20524 480
20568 480
20608 480
20652 480
20696 480
20736 463
20780 480
20820 463
20864 463
20904 462
20948 463
20992 463
21032 463
21076 480
21116 480
21160 480
21200 480
21244 480
21284 480
21336 480
21376 480
21420 480
21460 480
21504 480
21544 480
21588 480
21632 480
21672 480
21716 480
21756 480
21804 480
21844 480
21888 480
21928 480
21972 480
22012 480
22056 480
22100 480
22148 480
22188 463
22232 462
22272 462
22316 462
22356 462
22400 460
22444 460
22484 462
22528 463
22568 462
22612 463
22652 480
22696 480
22740 480
22780 480
22824 480
22864 480
22908 480
22948 480
22992 480
23032 480
23076 480
23120 480
23168 480
23208 480
23252 480
23292 480
23336 480
23380 480
23420 463
23464 463
23504 463
23548 463
23588 463
23632 462
23676 462
23716 462
23760 462
23800 480
23844 480
23884 480
23928 480
23968 480
24012 480
24056 480
24096 480
24140 480
24180 480
24228 480
24272 480
24316 480
24356 480
24400 480
24440 480
24484 480
24524 480
24568 480
24612 480
24652 480
24696 480
24736 480
24780 463
24820 480
24864 463
24904 463
24948 463
24992 463
25032 480
25076 480
25116 480
25160 480
25200 480
25252 480
25292 480
25336 480
25376 480
25420 480
25460 480
25504 480
25544 480
25588 480
25632 480
25672 480
25716 480
25756 480
25800 480
25840 480
25884 463
25928 463
25968 463
26012 463
26052 463
26096 462
26136 463
26180 463
26220 463
26268 480
26312 480
26356 480
26396 480
26440 480
26480 480
26524 480
26564 480
26608 480
26648 480
26692 480
26736 480
26776 480
26820 480
26860 480
26904 480
26944 480
26988 480
27032 480
27072 480
27116 480
27156 480
27200 480
27240 463
27288 463
27332 463
27376 463
27416 463
27460 463
27500 480
27544 480
27584 480
27628 480
27672 480
27712 480
27756 480
27796 480
27840 480
27880 480
27924 480
27964 480
28008 480
28052 480
28092 480
28136 480
28176 480
28220 480
28260 480
28312 480
28352 480
28396 480
28436 463
28480 480
28520 463
28564 460
28608 462
28648 462
28692 462
28732 462
28776 463
28816 463
28860 480
28900 480
28944 463
28988 463
29028 480
29072 480
29112 480
29156 480
29196 480
29240 480
29284 480
29332 480
29372 480
29416 480
29456 480
29500 480
29544 480
29584 480
29628 480
29668 480
29712 480
29752 480
29796 480
29836 480
29880 480
29924 480
29964 480
30008 480
30048 480
30092 480
30132 480
30176 480
30220 480
30260 480
30304 480
30352 480
30392 480
30436 480
30480 480
30520 480
30564 480
30604 480
30648 480
30688 480
30732 480
30772 480
30816 480
30860 480
30900 480
30944 480
30984 480
31028 480
31068 480
31112 480
31156 480
31196 480
31240 480
31280 480
31324 480
31372 480
31416 480
31456 480
31500 480
31540 480
31584 463
31624 480
31668 480
31708 480
31752 463
31796 463
31836 463
31880 463
31920 463
31964 463
32004 463
32048 480
32092 480
32132 480
32176 480
32216 480
32260 480
32300 480
32344 480
32392 480
32436 480
32476 480
32520 480
32560 480
32604 480
32644 480
32692 480
32732 480
32776 480
32816 480
32860 480
32904 480
32944 480
32988 480
33028 480
33072 480
33112 480
33156 480
33204 480
33248 480
33288 480
33332 480
33372 480
33416 480
33456 480
33500 480
33544 480
33584 480
33628 480
33668 463
33712 480
33752 480
33796 480
33840 480
33880 480
33924 480
33964 480
34008 480
34048 480
34092 480
34132 480
34176 480
34224 480
34268 480
34308 480
34352 480
34392 480
34436 480
34480 480
34520 480
34564 480
34604 480
34648 480
34688 480
34732 480
34776 480
34816 480
34860 480
34900 480
34944 463
34984 480
35028 463
35068 463
35112 463
35156 463
35196 463
35244 480
35288 463
35328 463
35372 480
35416 480
35456 463
35500 480
35540 480
35584 480
35624 480
35668 480
35712 480
35752 480
35796 480
35836 480
35880 480
35920 480
35964 480
36004 480
36048 480
36092 480
36132 480
36176 480
36216 480
36264 480
36308 480
36352 480
36392 480
36436 480
36476 480
36520 480
36560 480
36604 480
36648 480
36688 480
36732 480
36772 480
36816 480
36856 463
36900 463
36940 480
36984 480
37028 480
37068 480
37112 480
37152 480
37196 480
37236 480
37288 480
37328 480
37372 480
37412 480
37456 480
37496 480
37540 480
37584 480
37624 480
37668 480
37708 480
37752 480
37792 480
37836 480
37876 480
37920 480
37964 480
38004 480
38048 480
38088 463
38132 463
38172 463
38216 463
38260 480
38308 463
38348 463
38392 480
38432 480
38476 480
38520 480
38560 480
38604 480
38644 480
38688 480
38728 480
38772 480
38812 480
38856 480
38900 480
38940 480
38984 480
39024 480
39068 480
39108 480
39152 480
39196 480
39236 480
39280 480
39320 480
39368 463
39412 463
39456 463
39496 480
39540 463
39580 463
39624 480
39664 480
39708 480
39748 480
39792 480
39836 480
39876 480
39920 480
39960 480
40004 480
40044 480
40088 480
40132 480
40172 480
40216 480
40256 480
40300 480
40340 480
40392 480
40432 480
40476 480
40516 480
40560 480
40600 480
40644 463
40684 480
40728 480
40772 463
40812 480
40856 480
40896 480
40940 480
40980 480
41024 480
41068 480
41108 480
41152 480
41192 480
41236 480
41276 480
41320 480
41360 480
41408 480
41452 480
41496 480
41536 480
41580 480
41620 480
41664 480
41704 480
41748 480
41788 480
41832 480
41876 480
41916 480
41960 480
42000 480
42044 480
42084 480
42128 480
42172 480
42212 480
42256 480
42296 480
42340 463
42380 480
42428 480
42472 480
42516 480
42556 480
42600 480
42640 480
42684 480
42724 480
42768 480
42812 480
42852 480
42896 480
42936 480
42980 480
43020 480
43064 480
43104 480
43148 463
43192 480
43232 480
43276 480
43316 480
43360 480
43400 480
43452 480
43492 480
43536 480
43584 480
43624 480
43668 480
43708 480
43752 480
43796 480
43836 480
43880 480
43920 480
43964 480
44004 480
44048 480
44092 463
44132 463
44176 480
44216 463
44264 463
44308 463
44348 463
44392 463
44436 480
44476 480
44520 480
44560 480
44604 480
44644 480
44688 480
44732 480
44772 480
44816 480
44856 480
44900 480
44940 480
44984 480
45024 480
45068 480
45112 480
45152 480
45228 480
45276 480
45316 480
45360 480
45404 480
45444 480
45488 480
45528 480
45572 480
45612 480
45656 480
45700 480
45740 480
45784 480
45824 480
45868 480
45908 480
45952 480
45992 480
46036 480
46080 480
46120 480
46164 480
46204 480
46248 480
46292 480
46336 480
46380 480
46420 480
46464 480
46504 480
46548 480
46588 480
46632 480
46672 480
46716 480
46760 480
46800 480
46844 480
46884 480
46928 480
46968 480
47012 480
47056 480
47096 480
47140 463
47180 480
47224 463
47264 480
47312 463
47356 480
47400 480
47440 480
47484 463
47524 480
47568 480
47608 480
47652 480
47696 480
47736 480
47780 480
47820 480
47864 480
47904 480
47948 480
47992 480
48032 480
48076 480
48116 480
48160 480
48200 480
48244 480
48284 480
48336 480
48376 480
48420 480
48460 480
48504 480
48544 463
48588 480
48632 480
48672 463
48716 480
48756 480
48800 480
48840 480
48884 480
48928 480
48968 480
49012 480
49052 480
49096 480
49136 480
49180 480
49220 480
49264 480
49308 480
49356 480
49396 480
49440 480
49480 480
49524 480
49568 480
49608 480
49652 480
49692 480
49736 480
49776 480
49820 480
49864 480
49904 480
49948 463
49988 463
50032 463
50072 463
50116 462
50156 463
50200 463
50244 480
50284 480
50328 463
50376 463
50416 480
50460 480
50504 463
50544 480
50588 480
50628 480
50672 480
50712 480
50756 480
50800 480
50840 480
50884 480
50924 480
50968 480
51008 480
51052 480
51092 480
51136 480
51180 480
51220 480
51264 480
51304 480
51348 480
51396 480
51440 480
51480 480
51524 480
51564 480
51608 480
51648 480
51692 480
51736 480
51776 463
51820 480
51860 463
51904 463
51944 463
51988 480
52028 480
52072 480
52116 480
52156 480
52200 480
52240 480
52284 480
52324 480
52368 480
52416 480
52460 480
52500 480
52544 480
52584 480
52628 480
52672 480
52712 480
52756 480
52796 480
52840 480
52880 480
52924 480
52964 480
53008 463
53052 463
53092 463
53136 463
53176 463
53220 462
53260 480
53304 463
53348 463
53388 463
53436 463
53480 480
53520 463
53564 480
53608 480
53648 480
53692 480
53732 480
53776 480
53816 480
53860 480
53900 480
53944 480
53988 480
54028 480
54072 480
54112 480
54156 480
54196 480
54240 480
54284 463
54324 463
54368 463
54408 463
54456 480
54500 480
54540 480
54584 480
54624 480
54668 480
54712 480
54752 480
54796 480
54836 480
54880 480
54920 480
54964 480
55004 480
55048 480
55092 480
55132 480
55176 480
55216 480
55260 480
55300 480
55352 480
55392 480
55436 480
55476 480
55520 480
55560 480
55604 480
55648 480
55688 480
55732 480
55772 480
55816 480
55856 480
55900 480
55940 480
55984 463
56028 463
56068 480
56112 480
56152 463
56196 463
56236 463
56280 480
56324 480
56372 480
56412 463
56456 480
56496 480
56540 480
56584 480
56624 480
56668 480
56708 480
56752 480
56792 480
56836 480
56876 480
56920 480
56964 480
57004 480
57048 480
57088 480
57132 480
57172 480
57216 480
57260 480
57300 480
57344 480
57392 480
57432 480
57476 480
57520 480
57560 480
57604 480
57644 480
57688 480
57728 480
57772 480
57812 480
57856 480
57900 480
57940 480
57984 463
58024 480
58068 463
58108 480
58152 480
58196 480
58236 480
58280 480
58320 480
58364 480
58412 480
58456 480
58496 480
58540 480
58580 480
58624 480
58664 480
58708 480
58748 480
58792 480
58836 480
58876 480
58920 480
58960 480
59004 480
59044 480
59088 480
59132 480
59172 480
59216 463
59256 462
59300 463
59340 463
59384 462
59424 463
59476 480
59516 480
59560 480
59600 480
59644 480
59684 480
59728 480
59772 480
59812 480
59856 480
59896 480
59940 480
59980 480
60024 480
60068 480
60108 480
60152 480
60192 480
60236 480
60276 480
60320 480
60360 480
60404 480
60448 480
60496 463
60536 463
60580 463
60620 463
60664 463
60708 463
60748 480
60792 480
60832 480
60876 480
60916 480
60960 480
61004 480
61044 480
61088 480
61128 480
61172 480
61212 480
61256 480
61296 480
61340 480
61384 480
61424 480
61468 480
61512 480
61556 480
61600 480
61640 463
61684 480
61724 480
61768 448
61808 480
61852 463
61896 480
61936 480
61980 480
62020 463
62064 480
62104 480
62148 480
62188 480
62232 480
62276 480
62316 480
62360 480
62400 480
62444 480
62484 480
62532 480
62576 480
62620 480
62660 480
62704 480
62744 480
62788 480
62828 480
62872 480
62916 480
62956 480
63000 480
63040 480
63084 480
63124 480
63168 480
63208 480
63252 480
63296 480
63336 480
63380 480
63420 480
63464 480
63504 480
63556 480
63596 480
63640 480
63680 480
63724 480
63764 480
63808 480
63848 480
63892 480
63936 480
63976 480
64020 480
64060 480
64104 480
64144 480
64188 480
64232 463
64272 480
64316 480
64356 480
64400 480
64440 480
64484 480
64524 480
64576 480
64616 480
64660 480
64700 480
64744 480
64784 480
64828 480
64872 480
64912 480
64956 480
64996 480
65040 480
65080 480
65124 480
65168 480
65208 480
65252 480
65292 480
65336 480
65376 480
65420 463
65468 480
65508 463
65552 463
65592 480
65636 463
65680 463
65720 463
65764 480
65804 463
65848 480
65888 480
65932 480
65976 480
66016 480
66060 480
66100 480
66144 480
66184 480
66228 480
66268 480
66312 480
66356 480
66396 480
66440 480
66488 480
66528 480
66572 480
66616 463
66656 480
66700 463
66740 463
66784 480
66824 463
66868 480
66912 463
66952 463
66996 463
67036 480
67080 480
67120 480
67164 480
67204 480
67248 480
67292 480
67332 480
67376 480
67416 480
67460 480
67508 480
67552 480
67592 480
67636 480
67676 480
67720 480
67760 480
67804 480
67848 463
67888 480
67932 480
67972 480
68016 463
68056 463
68100 480
68140 480
68184 480
68228 480
68268 480
68312 480
68352 480
68396 480
68436 480
68480 480
68528 480
68572 480
68612 480
68656 480
68696 480
68740 480
68784 480
68824 480
68868 480
68908 480
68952 480
68992 480
69036 480
69076 480
69120 463
69164 480
69204 480
69248 480
69288 480
69332 480
69372 480
69416 480
69460 480
69500 480
69548 480
69592 480
69632 480
69676 480
69716 480
69760 480
69804 480
69844 480
69888 480
69928 480
69972 480
70012 480
70056 480
70100 480
70140 480
70184 496
70224 510
70268 519
70308 527
70352 527
70392 527
70436 527
70480 524
70520 515
70568 512
70612 510
70652 508
70696 504
70740 496
70780 496
70824 496
70864 496
70908 481
70948 480
70992 480
71036 480
71076 480
71120 480
71160 480
71204 480
71244 480
71288 480
71328 480
71372 480
71416 480
71456 480
71500 480
71540 480
71588 480
71632 480
71676 480
71716 480
71760 480
71800 480
71844 480
71884 480
71928 480
71972 480
72012 480
72056 480
72096 480
72140 480
72180 480
72224 480
72264 480
72308 480
72352 480
72392 480
72436 480
72476 480
72520 480
72560 480
72612 480
72652 480
72696 480
72736 480
72780 480
72820 480
72864 480
72908 480
72948 480
72992 480
73032 480
73076 480
73116 480
73160 480
73200 480
73244 480
73288 480
73328 480
73372 480
73412 480
73456 480
73496 480
73540 480
73584 480
73632 480
73672 480
73716 480
73756 480
73800 480
73844 480
73884 480
73928 480
73968 480
74012 480
74052 480
74096 480
74136 480
74180 480
74224 480
74264 480
74308 480
74348 480
74392 480
74432 480
74476 480
74520 480
74560 480
74604 480
74644 480
74692 480
74736 480
74780 480
74820 480
74864 480
74904 480
74948 480
74988 480
75032 480
75072 480
75116 480
75160 480
75200 480
75244 480
75284 480
75328 480
75368 480
75412 480
75456 480
75496 480
75540 480
75580 480
75624 480
75664 480
75716 480
75756 480
75800 480
75840 480
75884 480
75924 480
75968 480
76008 480
76052 480
76096 480
76136 480
76180 480
76220 480
76264 480
76308 480
76348 480
76392 480
76432 480
76476 480
76524 480
76568 480
76608 480
76652 480
76692 480
76736 480
76776 480
76820 480
76860 480
76904 480
76948 480
76988 480
77032 480
77072 480
77116 480
77156 480
77200 480
77244 480
77284 480
77328 480
77368 480
77412 480
77452 480
77496 480
77544 480
77588 480
77628 480
77672 480
77712 480
77756 480
77796 480
77840 480
77884 480
77924 480
77968 480
78008 480
78052 480
78092 480
78136 480
78180 480
78220 480
78264 480
78304 480
78348 480
78388 480
78432 480
78472 480
78516 480
78564 480
78608 480
78648 480
78692 480
78732 480
78776 480
78820 480
78860 480
78904 480
78944 480
78988 480
79028 480
79072 480
79116 480
79156 480
79200 480
79240 480
79284 480
79324 480
79368 480
79408 480
79452 480
79496 480
79536 480
79584 480
79628 480
79668 480
79712 480
79756 480
79796 480
79840 480
79880 480
79924 480
79964 480
80008 480
80052 480
80092 480
80136 480
80176 480
80220 480
80260 480
80304 480
80344 480
80388 480
80432 480
80472 480
80516 480
80556 480
80600 480
80648 480
80692 480
80732 480
80776 480
80816 480
80860 480
80900 480
80944 480
80988 480
81028 480
81072 480
81112 480
81156 480
81196 480
81240 480
81280 480
81324 480
81368 480
81408 480
81452 480
81492 480
81536 480
81576 480
81620 480
81664 480
81708 480
81752 480
81792 480
81836 480
81876 480
81920 480
81960 480
82004 480
82044 480
82088 480
82132 480
82172 480
82216 480
82256 480
82300 480
82340 480
82384 480
82428 480
82468 480
82512 480
82552 480
82596 480
82636 480
82684 480
82728 480
82772 480
82812 480
82856 480
82896 480
82940 480
82980 480
83024 480
83064 480
83108 480
83152 480
83192 480
83236 480
83276 480
83320 480
83360 480
83404 480
83448 480
83488 480
83532 480
83572 480
83616 480
83656 480
83704 480
83748 480
83792 480
83832 480
83876 480
83916 480
83960 480
84000 480
84044 480
84088 480
84128 480
84172 480
84212 480
84256 480
84296 480
84340 480
84380 480
84424 480
84468 480
84508 480
84552 480
84592 480
84636 480
84676 480
84728 480
84768 480
84812 480
84852 480
84896 480
84936 480
84980 480
85024 480
85064 480
85108 480
85148 480
85192 480
85232 480
85276 480
85316 480
85360 480
85404 480
85444 480
85488 480
85528 480
85572 480
85612 480
85656 480
85700 480
85748 480
85788 480
85832 480
85872 480
85916 480
85960 480
86000 480
86044 480
86084 480
86128 480
86168 480
86212 480
86252 480
86296 480
86340 480
86380 480
86424 480
86464 480
86508 480
86548 480
86592 480
86636 480
86676 480
86720 480
86768 480
86808 480
86852 480
86896 480
86936 480
86980 480
87020 480
87064 480