24 1023
64 384
108 316
148 286
192 255
232 225
276 199
320 192
360 159
404 152
444 142
488 135
528 127
572 135
612 152
656 163
700 192
740 207
784 240
824 255
868 304
908 334
952 384
1000 415
1044 460
1084 504
1128 542
1168 575
1212 624
1256 639
1296 675
1340 704
1380 736
1424 768
1464 768
1508 771
1548 780
1592 780
1636 775
1676 768
1720 768
1760 768
1804 711
1844 704
1888 655
1932 632
1972 588
2020 543
2064 511
2104 480
2148 448
2192 391
2232 384
2276 319
2316 287
2360 255
2400 248
2444 224
2484 195
2528 192
2572 192
2612 176
2656 176
2696 192
2740 192
2780 195
2824 224
2868 240
2908 255
2952 287
2992 319
3040 368
3084 387
3128 432
3168 463
3212 504
3252 531
3296 572
3336 608
3380 636
3420 655
3464 679
3508 704
3548 719
3592 736
3632 768
3676 768
3716 768
3760 768
3804 736
3844 719
3888 704
3928 679
3972 655
4012 636
4060 608
4104 572
4148 536
4188 504
4232 480
4272 448
4316 398
4356 384
4400 335
4444 312
4484 284
4528 255
4568 248
4612 224
4652 224
4696 199
4740 199
4780 199
4824 206
4864 224
4908 240
4948 248
4992 255
5032 286
5084 318
5124 352
5168 384
5208 399
5252 448
5292 480
5336 504
5380 527
5420 568
5464 591
5504 624
5548 639
5588 664
5632 679
5676 704
5716 704
5760 711
5800 718
5844 716
5884 711
5928 704
5968 704
6012 671
6056 655
6104 636
6144 608
6188 583
6228 560
6272 526
6316 504
6356 480
6400 448
6440 399
6484 384
6524 352
6568 319
6612 304
6652 284
6696 255
6736 254
6780 248
6820 240
6864 240
6904 240
6948 240
6992 248
7032 255
7076 271
7124 287
7164 316
7208 335
7252 384
7292 385
7336 415
7376 448
7420 480
7460 508
7504 527
7548 560
7588 575
7632 608
7672 632
7716 639
7756 659
7800 671
7840 688
7884 704
7928 704
7968 704
8012 704
8052 671
8096 668
8144 639
8188 636
8228 624
8272 590
8312 572
8356 542
8396 512
8440 496
8484 455
8524 448
8568 408
8608 384
8652 368
8692 335
8736 318
8776 304
8820 286
8864 271
8904 255
8948 255
8988 255
9032 255
9072 255
9116 255
9160 280
9208 287
9248 316
9292 319
9332 352
9376 384
9420 391
9460 415
9504 448
9544 480
9588 504
9628 519
9672 543
9712 572
9756 583
9800 608
9840 624
9884 636
9924 639
9968 647
10008 655
10052 655
10096 655
10136 652
10180 639
10228 636
10268 624
10312 608
10356 583
10396 572
10440 543
10480 519
10524 504
10564 480
10608 451
10648 448
10692 408
10736 384
10776 384
10820 352
10860 319
10904 316
10944 295
10988 287
11032 280
11072 271
11116 271
11164 271
11204 280
11248 287
11288 295
11332 316
11376 323
11416 352
11460 384
11500 384
11544 408
11584 448
11628 451
11672 480
11712 504
11756 524
11796 543
11840 572
11880 583
11924 608
11964 624
12008 632
12052 639
12092 639
12136 639
12184 639
12224 639
12268 639
12312 638
12352 632
12396 608
12436 608
12480 575
12520 568
12564 542
12608 515
12648 504
12692 480
12732 448
12776 432
12816 408
12860 384
12900 384
12944 352
12988 327
13028 319
13072 312
13112 295
13156 287
13204 287
13248 286
13288 287
13332 287
13372 304
13416 312
13456 319
13500 335
13544 352
13584 384
13628 387
13668 412
13712 448
13752 451
13796 480
13836 504
13880 515
13924 540
13964 560
14008 574
14048 583
14092 608
14132 608
14176 624
14220 632
14268 636
14308 636
14352 632
14392 632
14436 624
14480 608
14520 608
14564 575
14604 572
14648 547
14688 527
14732 511
14772 496
14816 480
14860 448
14900 448
14944 412
14984 391
15028 384
15068 384
15112 352
15156 327
15196 319
15240 316
15288 312
15328 312
15372 312
15416 312
15456 316
15500 319
15540 327
15584 352
15624 352
15668 384
15708 384
15752 399
15796 415
15836 448
15880 455
15920 480
15964 504
16004 515
16048 536
16092 547
16132 568
16176 575
16216 591
16260 608
16304 608
16348 624
16392 624
16432 624
16476 624
16516 608
16560 608
16600 608
16644 575
16684 574
16728 560
16772 543
16812 524
16856 510
16896 496
16940 480
16980 449
17024 448
17068 415
17108 399
17152 384
17192 384
17236 368
17276 352
17324 335
17368 327
17412 319
17452 319
17496 319
17536 319
17580 327
17620 334
17664 352
17708 352
17748 384
17792 384
17832 391
17876 412
17916 432
17960 448
18000 460
18044 480
18088 496
18128 511
18172 527
18212 542
18256 560
18296 572
18348 575
18388 583
18432 591
18472 608
18516 608
18556 608
18600 608
18644 591
18684 583
18728 575
18768 572
18812 560
18852 543
18896 527
18936 512
18980 504
19024 480
19064 480
19108 448
19148 448
19192 415
19232 399
19276 385
19320 384
19368 384
19408 352
19452 352
19492 352
19536 335
19580 334
19620 334
19664 335
19704 352
19748 352
19788 352
19832 384
19872 384
19916 384
19960 399
20000 415
20044 448
20084 448
20128 455
20168 480
20212 496
20256 508
20296 515
20340 527
20388 543
20428 560
20472 568
20516 574
20556 575
20600 575
20640 575
20684 575
20724 575
20768 575
20808 574
20852 568
20896 560
20936 543
20980 531
21020 519
21064 510
21104 496
21148 480
21192 463
21232 448
21276 448
21316 415
21360 408
21408 391
21452 384
21492 384
21536 384
21576 368
21620 352
21660 352
21704 352
21744 352
21788 384
21828 384
21872 384
21916 384
21956 385
22000 391
22040 403
22084 415
22124 448
22168 448
22208 451
22252 480
22296 480
22336 496
22380 508
22420 513
22464 527
22512 540
22552 543
22596 547
22640 560
22680 568
22724 568
22764 568
22808 568
22848 568
22892 560
22936 543
22976 543
23020 536
23060 527
23104 513
23144 508
23188 496
23228 480
23272 480
23316 455
23356 448
23400 448
23440 419
23484 414
23528 399
23572 391
23616 384
23656 384
23700 384
23740 384
23784 384
23824 384
23868 384
23908 384
23952 384
23996 384
24036 384
24080 387
24120 399
24164 412
24204 415
24248 448
24292 448
24332 451
24376 480
24416 480
24460 496
24500 504
24548 511
24592 519
24636 527
24676 536
24720 543
24760 543
24804 547
24844 551
24888 551
24932 551
24972 547
25016 543
25056 542
25100 536
25140 524
25184 515
25224 510
25268 504
25312 496
25352 480
25396 480
25436 455
25480 448
25520 448
25572 423
25612 415
25656 408
25696 398
25740 391
25780 384
25824 384
25868 384
25908 384
25952 384
25992 384
26036 384
26076 384
26120 387
26160 391
26204 403
26248 414
26288 415
26332 448
26372 448
26416 449
26456 462
26500 480
26544 481
26592 504
26632 508
26676 513
26716 524
26760 527
26804 540
26844 543
26888 543
26928 547
26972 551
27012 551
27056 551
27096 547
27140 543
27184 542
27224 536
27268 527
27308 515
27352 511
27392 504
27436 496
27480 480
27520 480
27564 460
27612 448
27652 448
27696 448
27740 415
27780 415
27824 408
27864 399
27908 391
27948 391
27992 385
28032 385
28076 384
28120 385
28160 387
28204 391
28244 399
28288 403
28328 414
28372 415
28416 432
28456 448
28500 448
28540 449
28584 480
28632 480
28676 496
28716 504
28760 508
28800 512
28844 519
28884 526
28928 527
28968 536
29012 542
29056 543
29096 543
29140 543
29180 543
29224 542
29264 536
29308 527
29352 526
29392 513
29436 511
29476 508
29520 496
29560 496
29604 480
29652 480
29696 455
29736 448
29780 448
29820 448
29864 419
29904 415
29948 412
29992 399
30032 398
30076 391
30116 391
30160 391
30200 387
30244 391
30288 391
30328 399
30372 399
30412 412
30456 415
30496 419
30540 448
30580 448
30624 448
30672 455
30716 480
30756 480
30800 481
30840 496
30884 504
30928 510
30968 512
31012 519
31052 524
31096 527
31136 527
31180 536
31224 536
31264 536
31308 536
31348 527
31392 527
31432 519
31476 515
31516 512
31560 508
31604 504
31644 496
31692 480
31736 480
31776 480
31820 455
31864 448
31904 448
31948 448
31988 432
32032 415
32072 415
32116 412
32160 408
32200 401
32244 399
32284 399
32328 399
32368 399
32412 403
32452 412
32496 414
32540 415
32580 423
32624 448
32668 448
32708 448
32752 448
32792 455
32836 480
32880 480
32920 480
32964 496
33004 496
33048 504
33088 508
33132 510
33176 511
33216 512
33260 513
33300 515
33344 515
33384 515
33428 515
33468 515
33512 512
33556 511
33596 510
33644 508
33688 504
33728 496
33772 496
33816 480
33856 480
33900 480
33940 455
33984 451
34024 448
34068 448
34112 448
34152 448
34196 432
34236 419
34280 415
34320 415
34364 415
34404 415
34448 415
34492 415
34532 415
34576 415
34616 419
34664 432
34708 448
34752 448
34792 448
34836 448
34876 451
34920 455
34960 480
35004 480
35048 480
35088 481
35132 496
35172 496
35216 504
35256 508
35300 510
35340 510
35384 512
35428 512
35468 512
35512 512
35552 512
35596 512
35636 511
35688 510
35728 508
35772 504
35812 496
35856 496
35896 481
35940 480
35984 480
36024 480
36068 460
36108 451
36152 448
36192 448
36236 448
36276 448
36320 448
36364 448
36404 432
36448 423
36488 419
36532 419
36572 419
36616 419
36660 423
36708 432
36748 448
36792 448
36832 448
36876 448
36920 448
36960 451
37004 455
37044 480
37088 480
37128 480
37172 480
37212 496
37256 496
37300 496
37340 504
37384 508
37424 508
37468 510
37508 511
37552 511
37596 511
37636 511
37680 511
37728 510
37768 510
37812 508
37856 504
37896 504
37940 496
37980 496
38024 481
38064 480
38108 480
38148 480
38192 462
38236 455
38276 449
38320 448
38360 448
38404 448
38444 448
38488 448
38532 448
38572 432
38616 432
38656 432
38700 432
38748 432
38792 432
38832 448
38876 448
38916 448
38960 448
39000 448
39044 448
39084 451
39128 455
39172 463
39212 480
39256 480
39296 480
39340 481
39380 496
39424 496
39468 496
39508 504
39552 504
39592 504
39636 508
39676 508
39720 508
39768 508
39812 508
39852 504
39896 504
39936 504
39980 496
40020 496
40064 480
40108 480
40148 480
40192 480
40232 463
40276 455
40316 451
40360 448
40400 448
40444 448
40488 448
40528 448
40572 448
40612 432
40656 419
40696 419
40740 415
40784 415
40832 419
40872 423
40916 423
40956 432
41000 448
41044 448
41084 448
41128 448
41168 448
41212 449
41252 454
41296 460
41336 480
41380 480
41424 480
41464 480
41508 481
41548 496
41592 496
41632 496
41676 504
41720 504
41760 508
41804 504
41852 508
41892 504
41936 504
41980 504
42020 504
42064 496
42104 496
42148 496
42188 480
42232 480
42272 480
42316 480
42360 462
42400 455
42444 451
42484 448
42528 448
42568 448
42612 448
42656 448
42696 448
42740 448
42780 448
42824 432
42868 432
42912 432
42956 432
42996 448
43040 448
43080 448
43124 448
43164 448
43208 448
43248 448
43292 449
43336 455
43376 455
43420 480
43460 480
43504 480
43544 480
43588 480
43628 480
43672 480
43716 480
43756 496
43800 496
43840 496
43884 496
43924 496
43968 496
44012 496
44056 496
44100 496
44144 496
44184 496
44228 480
44268 480
44312 480
44352 480
44396 480
44436 480
44480 480
44524 455
44564 455
44608 449
44648 449
44692 448
44732 448
44776 448
44820 448
44860 448
44904 448
44944 448
44988 448
45028 448
45076 448
45120 448
45164 448
45204 448
45248 448
45288 448
45332 448
45372 448
45416 448
45460 451
45500 455
45544 462
45584 480
45628 480
45668 480
45712 480
45756 480
45796 480
45840 480
45880 481
45924 496
45964 496
46008 496
46048 496
46100 496
46140 496
46184 496
46224 496
46268 481
46308 480
46352 480
46396 480
46436 480
46480 480
46520 480
46564 480
46604 480
46648 460
46692 455
46732 455
46776 451
46816 449
46860 448
46900 448
46944 448
46984 448
47028 448
47072 448
47120 448
47160 448
47204 448
47244 448
47288 448
47332 448
47372 448
47416 448
47456 449
47500 451
47540 455
47584 455
47628 462
47668 480
47712 480
47752 480
47796 480
47836 480
47880 480
47920 480
47964 480
48008 481
48048 496
48092 496
48140 496
48180 496
48224 496
48268 496
48308 496
48352 496
48392 481
48436 480
48476 480
48520 480
48564 480
48604 480
48648 480
48688 480
48732 480
48772 462
48816 455
48856 455
48900 451
48944 449
48984 448
49028 448
49068 448
49112 448
49160 448
49204 448
49244 448
49288 448
49328 448
49372 448
49412 448
49456 448
49500 448
49540 448
49584 449
49624 451
49668 451
49708 455
49752 460
49792 480
49836 462
49880 480
49920 480
49964 480
50004 480
50048 480
50088 480
50132 480
50180 480
50224 480
50264 480
50308 480
50348 480
50392 480
50436 480
50476 480
50520 480
50560 480
50604 480
50644 480
50688 480
50728 480
50772 480
50816 480
50856 462
50900 455
50940 455
50984 451
51024 451
51068 448
51112 448
51152 448
51200 448
51244 448
51284 448
51328 448
51372 448
51412 448
51456 448
51496 448
51540 448
51580 448
51624 448
51664 448
51708 448
51752 451
51792 451
51836 455
51876 455
51920 463
51960 480
52004 480
52048 480
52088 480
52132 480
52172 480
52220 480
52264 480
52308 480
52348 480
52392 480
52432 480
52476 480
52516 480
52560 480
52600 480
52644 480
52688 480
52728 480
52772 480
52812 480
52856 480
52896 480
52940 463
52984 462
53024 455
53068 455
53108 455
53152 451
53192 451
53240 449
53284 448
53328 448
53368 448
53412 448
53452 448
53496 448
53536 448
53580 448
53624 448
53664 451
53708 451
53748 451
53792 455
53832 455
53876 460
53920 480
53960 480
54004 480
54044 480
54088 480
54128 480
54172 480
54212 480
54256 480
54304 480
54348 496
54388 496
54436 480
54476 480
54520 480
54560 480
54604 480
54648 480
54688 480
54732 480
54772 480
54816 480
54856 480
54900 480
54940 480
54984 480
55028 480
55068 480
55112 480
55152 462
55196 455
55236 455
55280 455
55324 451
55364 449
55408 448
55456 448
55496 448
55540 448
55580 448
55624 448
55668 448
55708 448
55752 448
55792 448
55836 448
55876 448
55920 448
55960 448
56004 451
56048 451
56088 455
56132 455
56172 455
56216 460
56256 480
56300 480
56344 480
56384 480
56428 480
56476 480
56516 480
56560 480
56600 480
56644 480
56688 480
56728 480
56772 480
56812 480
56856 480
56896 480
56940 480
56984 480
57024 480
57068 480
57108 480
57152 480
57192 480
57236 480
57276 480
57320 462
57364 462
57404 455
57448 455
57496 455
57536 455
57580 455
57624 455
57664 455
57708 455
57748 455
57792 455
57832 451
57876 455
57920 455
57960 455
58004 455
58044 455
58088 462
58128 463
58172 480
58212 480
58256 480
58300 480
58340 480
58384 480
58424 480
58468 480
58516 480
58560 480
58600 480
58644 480
58684 480
58728 480
58768 480
58812 480
58856 480
58896 480
58940 480
58980 480
59024 480
59064 480
59108 480
59148 480
59192 480
59236 480
59276 480
59320 480
59360 480
59404 480
59444 463
59488 462
59532 460
59580 455
59620 455
59664 455
59704 455
59748 455
59792 455
59832 455
59876 455
59916 455
59960 455
60000 455
60044 455
60084 460
60128 460
60172 460
60212 462
60256 480
60296 480
60340 480
60380 480
60424 480
60468 480
60508 480
60552 480
60600 480
60640 480
60684 480
60728 480
60768 480
60812 480
60852 480
60896 480
60936 480
60980 480
61020 480
61064 480
61108 480
61148 480
61192 480
61232 480
61276 480
61316 480
61360 480
61404 480
61444 480
61488 463
61528 462
61572 455
61616 455
61660 455
61704 455
61744 455
61788 455
61828 455
61872 455
61912 455
61956 455
61996 455
62040 455
62084 455
62124 455
62168 455
62208 460
62252 455
62292 460
62336 462
62380 463
62420 480
62464 480
62504 480
62548 480
62588 480
62636 480
62680 480
62724 480
62764 480
62808 480
62848 480
62892 480
62932 480
62976 480
63020 480
63060 480
63104 480
63144 480
63188 480
63228 480
63272 480
63312 480
63356 480
63400 480
63440 480
63484 480
63524 480
63568 480
63608 480
63660 480
63700 463
63744 462
63784 462
63828 462
63868 460
63912 460
63956 455
63996 455
64040 460
64080 460
64124 460
64164 462
64208 463
64248 463
64292 463
64336 463
64376 480
64420 480
64460 480
64504 480
64544 480
64588 480
64632 480
64680 480
64720 480
64764 480
64804 480
64848 480
64892 480
64932 480
64976 480
65016 480
65060 480
65100 480
65144 480
65184 480
65228 480
65272 480
65316 480
65356 480
65400 480
65440 480
65484 480
65528 480
65568 480
65612 480
65652 480
65696 463
65736 462
65780 455
65820 460
65864 455
65908 455
65948 455
65996 455
66040 455
66080 455
66124 455
66168 455
66208 455
66252 455
66292 455
66336 455
66376 455
66420 462
66464 462
66504 462
66548 463
66588 463
66632 480
66672 480
66716 480
66756 480
66800 480
66844 480
66884 480
66928 480
66968 480
67016 480
67060 480
67104 480
67144 480
67188 480
67228 480
67272 480
67312 480
67356 480
67400 480
67440 480
67484 480
67524 480
67568 480
67608 480
67652 480
67692 480
67736 480
67780 480
67820 480
67864 480
67904 463
67948 463
67988 463
68040 463
68080 462
68124 462
68164 463
68208 460
68248 460
68292 460
68336 462
68376 462
68420 480
68460 463
68504 480
68544 480
68588 480
68628 480
68672 480
68716 480
68756 480
68800 480
68840 480
68884 480
68924 480
68968 480
69012 480
69060 480
69100 480
69144 480
69184 480
69228 480
69272 480
69312 480
69356 480
69396 480
69440 480
69480 480
69524 480
69564 480
69608 480
69652 480
69692 480
69736 480
69776 480
69820 480
69860 480
69904 480
69948 480
69988 480
70032 463
70072 480
70120 463
70164 463
70208 462
70248 462
70292 462
70332 460
70376 460
70416 455
70460 460
70500 462
70544 460
70588 462
70628 462
70672 480
70712 480
70756 480
70796 480
70840 480
70884 480
70924 480
70968 480
71008 480
71052 480
71092 480
71144 480
71184 480
71228 480
71268 480
71312 480
71352 480
71396 480
71436 480
71480 480
71524 480
71564 480
71608 480
71648 480
71692 480
71732 480
71776 480
71820 480
71860 480
71904 480
71944 460
71988 460
72028 455
72072 455
72112 455
72160 455
72204 451
72248 451
72288 449
72332 451
72372 449
72416 451
72456 449
72500 451
72540 451
72584 451
72628 451
72668 451
72712 455
72752 455
72796 455
72836 455
72880 455
72924 460
72964 462
73008 480
73048 480
73092 480
73132 480
73180 480
73224 480
73268 480
73308 480
73352 480
73392 480
73436 480
73476 480
73520 480
73564 480
73604 480
73648 480
73688 480
73732 480
73772 480
73816 480
73856 480
73900 480
73944 480
73984 480
74028 480
74068 462
74112 460
74152 455
74204 455
74244 455
74288 455
74328 455
74372 455
74412 455
74456 451
74500 455
74540 451
74584 451
74624 451
74668 451
74708 455
74752 455
74792 455
74836 455
74880 455
74920 455
74964 460
75004 462
75048 463
75088 480
75132 480
75176 480
75224 480
75264 480
75308 480
75348 480
75392 480
75436 480
75476 480
75520 480
75560 480
75604 480
75644 480
75688 480
75728 480
75772 480
75816 480
75856 480
75900 480
75940 480
75984 480
76024 480
76068 480
76112 480
76152 480
76192 463
76236 462
76280 455
76320 455
76364 455
76404 455
76448 454
76488 451
76532 451
76576 451
76620 449
76664 449
76704 449
76748 449
76788 449
76832 451
76872 449
76916 451
76956 451
77000 451
77044 451
77084 455
77128 455
77168 455
77212 455
77252 460
77296 463
77340 480
77380 480
77424 480
77464 480
77508 480
77548 480
77596 480
77640 480
77684 480
77724 480
77768 480
77808 480
77852 480
77892 480
77936 480
77980 480
78020 480
78064 480
78104 480
78148 480
78188 480
78232 480
78272 480
78316 480
78360 460
78400 460
78444 455
78484 455
78528 455
78568 455
78620 451
78660 451
78704 451
78744 451
78788 451
78828 451
78872 449
78916 451
78956 451
79000 451
79040 451
79084 455
79124 455
79168 455
79208 455
79252 455
79296 460
79336 462
79380 463
79420 480
79464 480
79504 480
79548 480
79592 480
79640 480
79680 480
79724 480
79764 480
79808 480
79852 480
79892 480
79936 480
79976 480
80020 480
80060 480
80104 480
80144 480
80188 480
80232 480
80272 480
80316 480
80356 480
80400 480
80440 480
80484 480
80528 480
80568 463
80612 462
80660 455
80700 455
80744 455
80788 455
80828 455
80872 455
80912 455
80956 455
80996 451
81040 455
81080 455
81124 455
81168 455
81208 455
81252 455
81292 455
81336 455
81376 455
81420 460
81464 462
81504 480
81548 480
81588 480
81632 480
81680 480
81724 480
81764 480
81808 480
81848 480
81892 480
81932 480
81976 480
82016 480
82060 480
82104 480
82144 480
82188 480
82228 480
82272 480
82312 480
82356 480
82400 480
82440 480
82484 480
82524 480
82568 463
82608 460
82652 460
82700 460
82744 455
82784 455
82828 455
82868 455
82912 455
82952 451
82996 451
83040 451
83080 451
83124 451
83164 451
83208 451
83248 451
83292 451
83336 451
83376 455
83420 455
83460 455
83504 455
83544 455
83588 455
83628 460
83672 460
83720 462
83764 480
83804 480
83848 480
83888 480
83932 480
83976 480
84016 480
84060 480
84100 480
84144 480
84184 480
84228 480
84272 480
84312 480
84356 480
84396 480
84440 480
84480 480
84524 480
84564 480
84608 480
84652 480
84692 448
84740 463
84784 462
84824 460
84868 460
84912 455
84952 455
84996 455
85036 455
85080 455
85120 451
85164 455
85208 455
85248 451
85292 451
85332 454
85376 455
85416 455
85460 455
85500 455
85544 455
85588 455
85628 455
85672 455
85712 455
85760 462
85804 462
85848 480
85888 480
85932 480
85972 480
86016 480
86056 480
86100 480
86144 480
86184 480
86228 480
86268 480
86312 480
86352 480
86396 480
86436 480
86480 480
86524 480
86564 480
86608 480
86648 480
86692 480
86732 480
86776 480
86824 480
86868 480
86908 480
86952 480
86992 480
87036 480
