24 1023
68 414
108 384
152 384
192 352
236 352
276 327
320 319
360 316
404 304
448 287
488 287
532 271
572 255
616 255
656 254
700 254
744 252
784 252
828 254
876 255
916 255
960 255
1004 271
1044 284
1088 287
1128 304
1172 318
1212 327
1256 352
1296 384
1340 384
1384 391
1424 415
1468 448
1508 448
1552 480
1592 496
1636 508
1680 519
1720 540
1764 560
1804 574
1848 583
1892 608
1936 624
1980 632
2020 638
2064 639
2104 652
2148 655
2188 668
2232 671
2272 671
2316 671
2360 671
2400 670
2444 668
2484 655
2528 652
2568 639
2612 638
2656 632
2696 624
2740 608
2780 583
2824 575
2864 560
2912 543
2956 524
3000 510
3040 496
3084 480
3124 455
3168 448
3208 423
3252 412
3296 391
3336 384
3380 384
3420 352
3464 335
3504 319
3548 316
3588 312
3632 295
3676 287
3716 286
3760 280
3800 271
3844 271
3884 271
3936 271
3976 280
4020 284
4060 287
4104 287
4144 304
4188 316
4232 319
4272 327
4316 352
4356 368
4400 384
4440 384
4484 398
4524 415
4568 448
4612 448
4652 455
4696 480
4736 496
4780 508
4820 519
4864 536
4908 543
4956 568
4996 575
5040 583
5080 608
5124 608
5168 624
5208 624
5252 632
5292 632
5336 638
5376 638
5420 639
5460 638
5504 636
5548 636
5588 632
5632 624
5672 624
5716 608
5756 608
5800 588
5844 575
5884 572
5928 560
5976 542
6016 524
6060 512
6104 504
6144 481
6188 480
6228 455
6272 448
6312 432
6356 415
6396 399
6440 385
6484 384
6524 384
6568 352
6608 352
6652 335
6692 319
6736 319
6780 318
6820 316
6864 312
6904 312
6948 304
6996 304
7040 312
7080 312
7124 316
7164 318
7208 319
7248 327
7292 335
7332 352
7376 353
7420 384
7460 384
7504 387
7544 399
7588 415
7628 432
7672 448
7716 451
7756 480
7800 480
7840 496
7884 510
7924 519
7968 527
8016 543
8060 560
8100 572
8144 575
8184 583
8228 591
8268 608
8312 608
8356 608
8396 624
8440 624
8480 624
8524 624
8564 624
8608 624
8652 608
8692 608
8736 608
8776 608
8820 583
8860 575
8904 574
8944 568
8988 551
9036 542
9080 527
9120 513
9164 508
9204 496
9248 480
9292 480
9332 451
9376 448
9416 448
9460 415
9500 408
9544 391
9588 384
9628 384
9672 384
9712 368
9756 352
9796 352
9840 335
9880 327
9924 327
9968 319
10008 319
10056 319
10100 319
10140 319
10184 319
10228 327
10268 334
10312 352
10352 352
10396 352
10436 384
10480 384
10524 384
10564 385
10608 398
10648 408
10692 415
10732 448
10776 448
10816 451
10860 480
10908 480
10948 496
10992 508
11032 512
11076 524
11116 536
11160 543
11204 560
11244 568
11288 574
11328 575
11372 583
11412 583
11456 591
11496 608
11540 608
11584 608
11624 608
11672 608
11716 608
11756 591
11800 588
11844 583
11884 575
11928 574
11968 568
12012 560
12052 543
12096 536
12140 527
12180 515
12224 510
12264 504
12308 496
12348 480
12392 480
12432 451
12476 448
12520 448
12560 415
12604 414
12644 399
12692 387
12736 384
12780 384
12820 384
12864 384
12904 352
12948 352
12988 352
13032 352
13076 352
13116 352
13160 352
13200 352
13244 352
13284 352
13328 352
13368 352
13412 368
13456 384
13496 384
13540 384
13580 384
13624 391
13664 399
13716 414
13756 419
13800 448
13840 448
13884 451
13924 463
13968 480
14012 481
14052 496
14096 508
14136 512
14180 519
14220 527
14264 542
14304 543
14348 560
14392 568
14432 568
14476 572
14516 575
14560 575
14600 575
14644 575
14688 575
14736 575
14776 575
14820 575
14860 575
14904 574
14948 572
14988 568
15032 560
15072 543
15116 543
15156 536
15200 526
15240 515
15284 510
15328 504
15368 496
15412 480
15452 480
15496 460
15536 448
15580 448
15624 448
15664 419
15708 415
15756 403
15796 391
15840 387
15884 384
15924 384
15968 384
16008 384
16052 384
16092 368
16136 368
16176 352
16220 352
16264 352
16304 352
16348 368
16388 368
16432 384
16472 384
16516 384
16560 384
16600 384
16644 384
16684 391
16728 399
16776 412
16820 415
16860 432
16904 448
16944 448
16988 449
17028 460
17072 480
17112 480
17156 496
17200 504
17240 508
17284 511
17324 519
17368 526
17408 536
17452 542
17496 543
17536 543
17580 551
17620 560
17664 560
17704 568
17748 568
17796 568
17840 568
17880 568
17924 560
17964 560
18008 551
18048 547
18092 543
18136 542
18176 536
18220 527
18260 519
18304 512
18344 510
18388 504
18432 496
18472 481
18516 480
18556 480
18600 455
18640 448
18684 448
18724 448
18768 432
18816 415
18860 414
18900 401
18944 398
18984 391
19028 385
19072 384
19112 384
19156 384
19196 384
19240 384
19280 384
19324 384
19368 384
19408 384
19452 384
19492 384
19536 384
19576 384
19620 384
19660 391
19704 396
19748 399
19788 412
19836 415
19880 423
19920 448
19964 448
20008 448
20048 451
20092 463
20132 480
20176 480
20216 496
20260 504
20304 508
20344 510
20388 513
20428 519
20472 527
20512 536
20556 542
20596 543
20640 547
20684 547
20724 551
20768 560
20808 560
20856 560
20900 560
20944 560
20984 560
21028 551
21068 547
21112 543
21152 543
21196 542
21240 536
21280 527
21324 519
21364 515
21408 511
21448 508
21492 504
21532 496
21576 480
21620 480
21660 480
21704 455
21744 449
21792 448
21832 448
21876 432
21916 415
21960 415
22004 412
22044 399
22088 399
22128 391
22172 387
22216 385
22260 384
22304 384
22344 384
22388 384
22428 384
22472 384
22512 384
22556 384
22596 384
22640 384
22684 387
22724 391
22768 398
22808 399
22852 408
22892 414
22936 415
22980 423
23020 448
23064 448
23104 448
23148 448
23188 455
23236 480
23280 480
23324 480
23364 496
23408 496
23448 504
23492 508
23532 510
23576 512
23620 515
23660 519
23704 526
23744 527
23788 529
23828 536
23872 540
23916 540
23956 542
24000 540
24040 536
24084 540
24124 536
24168 529
24208 527
24260 526
24300 519
24344 515
24384 512
24428 511
24468 508
24512 504
24556 496
24596 496
24640 480
24680 480
24724 480
24764 463
24808 455
24852 448
24892 448
24936 448
24976 448
25020 448
25060 423
25104 415
25144 415
25188 415
25232 412
25280 408
25320 399
25364 399
25404 399
25448 398
25492 399
25532 399
25576 399
25616 399
25660 399
25700 403
25744 408
25788 412
25828 415
25872 415
25912 419
25956 432
25996 448
26040 448
26080 448
26124 448
26168 449
26208 455
26252 480
26300 480
26340 480
26384 480
26428 496
26468 496
26512 504
26552 504
26596 510
26636 511
26680 512
26724 515
26764 519
26808 524
26848 526
26892 527
26932 527
26976 527
27016 527
27060 527
27104 527
27144 527
27188 527
27228 527
27272 519
27320 519
27364 515
27404 512
27448 511
27488 510
27532 508
27572 504
27616 496
27660 496
27700 481
27744 480
27784 480
27828 480
27868 462
27912 455
27952 448
27996 448
28040 448
28080 448
28124 448
28164 448
28208 423
28248 415
28292 415
28340 415
28384 414
28424 412
28468 408
28508 408
28552 408
28596 408
28636 408
28680 408
28720 408
28764 412
28804 412
28848 414
28888 415
28932 415
28976 419
29016 423
29060 448
29100 448
29144 448
29184 448
29228 448
29272 449
29312 455
29360 462
29404 480
29444 480
29488 480
29532 480
29572 496
29616 496
29656 504
29700 504
29740 508
29784 508
29824 511
29868 511
29912 512
29952 513
29996 515
30036 515
30080 515
30120 519
30164 519
30208 519
30248 515
30292 515
30332 515
30380 513
30424 511
30468 511
30508 510
30552 508
30592 504
30636 504
30676 496
30720 496
30760 496
30804 480
30848 480
30888 480
30932 480
30972 463
31016 455
31056 451
31100 448
31144 448
31184 448
31228 448
31268 448
31312 448
31352 448
31400 432
31444 423
31488 419
31528 415
31572 415
31612 415
31656 415
31696 415
31740 415
31784 415
31824 415
31868 415
31908 419
31952 423
31992 432
32036 448
32080 448
32120 448
32164 448
32204 448
32248 448
32288 448
32332 451
32372 455
32416 462
32464 480
32508 480
32548 480
32592 480
32632 481
32680 496
32724 496
32768 496
32808 504
32856 504
32900 508
32940 510
32984 510
33028 511
33068 511
33112 512
33152 512
33196 512
33236 513
33280 512
33324 512
33364 512
33408 511
33448 511
33492 510
33532 508
33576 508
33616 504
33660 504
33704 504
33744 496
33788 496
33828 496
33876 480
33920 480
33964 480
34004 480
34048 480
34088 460
34132 455
34172 451
34216 448
34260 448
34300 448
34344 448
34384 448
34428 448
34468 448
34512 448
34552 448
34596 432
34640 432
34680 423
34724 419
34764 419
34808 419
34848 419
34900 419
34940 423
34984 432
35024 432
35068 448
35108 448
35152 448
35196 448
35236 448
35280 448
35320 448
35364 448
35404 448
35448 451
35488 455
35532 460
35576 480
35616 480
35660 480
35700 480
35744 480
35784 480
35828 496
35872 496
35920 496
35960 496
36004 496
36044 504
36088 504
36132 504
36172 508
36216 508
36256 508
36300 508
36340 508
36384 508
36424 508
36468 508
36512 508
36552 508
36596 504
36636 504
36680 504
36720 496
36764 496
36808 496
36848 496
36892 480
36940 480
36980 480
37024 480
37068 480
37108 480
37152 480
37192 462
37236 455
37276 451
37320 449
37360 448
37404 448
37448 448
37488 448
37532 448
37572 448
37616 448
37656 448
37700 448
37744 448
37784 448
37828 448
37868 448
37912 448
37960 448
38004 448
38044 448
38088 448
38128 448
38172 448
38212 448
38256 448
38296 448
38340 448
38384 448
38424 449
38468 451
38508 455
38552 455
38592 463
38636 480
38680 480
38720 480
38764 480
38804 480
38848 480
38888 481
38932 496
38972 496
39024 496
39064 496
39108 504
39148 504
39192 504
39232 504
39276 504
39320 508
39360 508
39404 508
39444 508
39488 508
39528 508
39572 508
39616 508
39656 504
39700 504
39740 504
39784 504
39824 496
39868 496
39908 496
39952 496
39996 480
40044 480
40084 480
40128 480
40168 480
40212 480
40256 480
40296 462
40340 455
40380 455
40424 451
40464 449
40508 448
40552 448
40592 448
40636 448
40676 448
40720 448
40760 448
40804 448
40844 448
40888 448
40932 448
40972 448
41016 448
41060 448
41104 448
41148 448
41188 448
41232 448
41272 448
41316 448
41356 448
41400 448
41444 448
41484 448
41528 448
41568 449
41612 451
41652 455
41696 455
41736 455
41780 480
41824 480
41864 480
41908 480
41948 480
41992 480
42032 480
42080 480
42124 480
42168 480
42208 481
42252 496
42292 496
42336 496
42376 496
42420 496
42464 496
42504 496
42548 496
42588 496
42632 496
42672 496
42716 496
42756 496
42800 496
42844 480
42884 480
42928 480
42968 480
43012 480
43052 480
43104 480
43144 480
43188 480
43228 480
43272 480
43312 462
43356 455
43396 455
43440 455
43484 451
43524 448
43572 449
43612 448
43656 448
43696 448
43740 448
43780 448
43824 448
43868 448
43908 448
43952 448
43992 448
44036 448
44076 448
44120 448
44164 448
44204 448
44248 448
44288 448
44332 448
44376 448
44420 448
44464 448
44504 448
44548 448
44588 448
44632 449
44672 451
44716 455
44760 455
44800 460
44844 463
44884 480
44928 480
44968 480
45012 480
45052 480
45096 480
45140 480
45180 480
45224 481
45264 496
45308 496
45348 496
45400 496
45440 496
45484 496
45524 496
45568 496
45608 496
45652 496
45696 496
45736 496
45780 496
45820 496
45864 496
45904 496
45948 496
45988 496
46032 496
46076 496
46116 481
46160 481
46200 480
46244 480
46284 480
46328 480
46372 480
46420 480
46460 480
46504 480
46544 463
46588 462
46632 455
46672 455
46716 455
46756 451
46800 451
46840 449
46884 448
46924 448
46968 448
47012 448
47052 448
47096 448
47136 448
47180 448
47220 448
47264 448
47308 448
47348 448
47392 448
47440 448
47480 448
47524 448
47568 448
47608 448
47652 448
47692 451
47736 451
47776 455
47820 455
47860 455
47904 462
47948 480
47988 480
48032 480
48072 480
48116 480
48156 480
48200 480
48244 480
48284 480
48328 480
48368 480
48412 480
48460 481
48504 496
48544 496
48588 496
48628 496
48672 496
48712 496
48756 496
48796 496
48840 496
48884 496
48924 496
48968 481
49008 481
49052 480
49092 480
49136 480
49180 480
49220 480
49264 480
49304 480
49348 480
49388 480
49432 480
49480 462
49524 460
49564 455
49608 455
49648 451
49692 449
49732 448
49776 448
49820 448
49860 448
49904 448
49944 448
49988 448
50028 448
50072 448
50116 448
50156 448
50200 448
50240 448
50284 448
50324 448
50368 448
50408 448
50452 448
50500 448
50544 448
50584 448
50628 448
50668 448
50712 448
50756 448
50796 449
50840 451
50880 451
50924 455
50964 455
51008 460
51052 463
51092 480
51136 480
51176 480
51220 480
51260 480
51304 480
51344 480
51388 480
51432 480
51472 480
51520 480
51564 481
51604 481
51648 496
51692 496
51732 496
51776 496
51816 496
51860 496
51900 496
51944 496
51984 496
52028 480
52072 481
52112 480
52156 480
52196 480
52240 480
52280 480
52324 480
52368 480
52408 480
52452 480
52492 480
52540 480
52584 480
52628 480
52668 463
52712 455
52752 455
52796 455
52836 455
52880 451
52920 449
52964 449
53008 449
53048 448
53092 448
53132 448
53176 448
53216 448
53260 448
53304 448
53344 448
53388 448
53428 448
53472 448
53512 448
53560 448
53604 448
53648 448
53688 448
53732 448
53772 449
53816 451
53856 451
53900 455
53944 455
53984 455
54028 460
54068 462
54112 463
54152 480
54196 480
54240 480
54280 480
54324 480
54364 480
54408 480
54452 480
54492 480
54536 480
54576 481
54620 496
54664 496
54704 496
54748 496
54788 496
54832 496
54872 496
54916 496
54960 496
55008 496
55048 496
55092 496
55132 481
55176 480
55216 480
55260 480
55304 480
55344 480
55388 480
55428 480
55472 480
55512 480
55556 480
55596 480
55640 480
55684 480
55724 480
55768 463
55808 463
55852 460
55892 455
55936 455
55980 455
56028 455
56068 455
56112 451
56152 449
56196 449
56236 449
56280 448
56324 448
56364 448
56408 448
56448 448
56492 448
56532 448
56576 448
56620 448
56660 448
56704 449
56744 449
56788 451
56828 451
56872 451
56912 455
56956 455
57000 455
57048 455
57088 455
57132 460
57172 460
57216 463
57260 480
57300 480
57344 480
57384 480
57428 480
57468 480
57512 480
57556 480
57596 480
57640 480
57680 480
57724 480
57764 480
57808 480
57848 480
57892 480
57936 480
57976 480
58020 480
58068 480
58108 480
58152 480
58196 480
58236 480
58280 480
58320 480
58364 480
58404 480
58448 480
58492 480
58532 480
58576 480
58616 480
58660 480
58700 463
58744 462
58784 455
58828 455
58872 455
58912 455
58956 455
58996 455
59040 455
59088 455
59132 451
59172 451
59216 451
59256 451
59300 449
59340 451
59384 451
59428 451
59468 451
59512 451
59552 451
59596 451
59636 451
59680 451
59720 451
59764 451
59808 455
59848 455
59892 455
59932 455
59976 455
60016 455
60060 455
60108 460
60152 462
60192 462
60236 480
60276 480
60320 480
60364 480
60404 480
60448 480
60488 480
60532 480
60572 480
60616 480
60656 480
60700 480
60744 480
60784 480
60828 480
60868 480
60912 480
60952 480
60996 480
61040 480
61080 480
61128 480
61172 480
61212 480
61256 480
61300 480
61340 480
61384 480
61424 480
61468 480
61508 480
61552 480
61592 480
61636 480
61680 480
61720 480
61764 480
61804 480
61848 480
61888 480
61932 480
61976 462
62016 460
62060 455
62100 455
62148 455
62192 455
62236 455
62276 455
62320 455
62360 455
62404 455
62444 455
62488 451
62528 451
62572 451
62616 451
62656 451
62700 451
62740 451
62784 451
62824 455
62868 455
62912 455
62952 455
62996 455
63036 455
63080 455
63120 455
63164 455
63212 455
63256 460
63296 462
63340 462
63380 462
63424 462
63464 480
63508 480
63552 480
63592 480
63636 480
63676 480
63720 480
63760 480
63804 480
63848 480
63888 480
63932 480
63972 480
64016 480
64056 480
64100 480
64140 480
64184 480
64228 480
64272 480
64316 480
64356 480
64400 480
64440 480
64484 480
64524 480
64568 480
64612 480
64652 480
64696 480
64736 480
64780 463
64820 463
64864 462
64904 460
64948 455
64992 455
65032 455
65076 455
65116 455
65160 455
65200 455
65248 455
65292 455
65336 455
65376 455
65420 451
65460 455
65504 451
65544 455
65588 451
65628 451
65672 449
65716 449
65756 449
65800 448
65840 449
65884 449
65924 449
65968 449
66012 449
66052 449
66096 449
66136 451
66180 449
66220 451
66264 451
66304 451
66356 451
66396 455
66440 455
66480 455
66524 455
66564 455
66608 455
66652 460
66692 462
66736 448
66776 480
66820 480
66860 480
66904 480
66948 480
66988 480
67032 480
67072 480
67116 480
67156 480
67200 480
67240 480
67284 480
67328 480
67376 480
67416 480
67460 480
67500 480
67544 480
67588 480
67628 480
67672 480
67712 480
67756 480
67796 480
67840 480
67884 480
67924 480
67968 480
68008 480
68052 480
68092 480
68136 480
68176 480
68220 480
68264 463
68304 462
68348 462
68396 460
68436 460
68480 455
68524 455
68564 455
68608 455
68648 455
68692 455
68732 455
68776 455
68820 455
68860 455
68904 455
68944 455
68988 455
69028 455
69072 455
69112 455
69156 455
69200 455
69240 455
69284 455
69324 455
69368 455
69408 455
69460 460
69500 460
69544 462
69584 463
69628 463
69668 480
69712 480
69756 480
69796 480
69840 480
69880 480
69924 480
69964 480
70008 480
70048 480
70092 480
70136 480
70176 480
70220 480
70260 480
70304 480
70344 480
70388 480
70432 480
70480 480
70520 480
70564 480
70604 480
70648 480
70692 480
70732 480
70776 480
70816 480
70860 480
70900 480
70944 480
70984 480
71028 480
71072 480
71112 480
71156 480
71196 480
71240 480
71280 462
71324 462
71368 462
71408 460
71452 455
71496 455
71540 455
71584 455
71624 455
71668 455
71708 455
71752 455
71792 455
71836 451
71876 451
71920 451
71964 451
72004 451
72048 451
72088 451
72132 451
72172 451
72216 451
72260 451
72300 451
72344 451
72384 455
72428 451
72468 455
72516 455
72560 455
72604 455
72644 455
72688 455
72728 455
72772 462
72812 460
72856 460
72896 462
72940 463
72984 463
73024 463
73068 463
73108 480
73152 480
73192 480
73236 480
73280 480
73320 480
73364 480
73404 480
73448 480
73488 480
73536 480
73580 480
73624 480
73664 480
73708 480
73748 480
73792 480
73832 480
73876 480
73920 480
73960 480
74004 480
74044 480
74088 480
74128 480
74172 480
74212 480
74256 480
74300 480
74340 463
74384 462
74424 460
74468 460
74508 460
74560 460
74600 455
74644 455
74684 455
74728 455
74768 455
74812 455
74856 455
74896 455
74940 455
74980 455
75024 455
75064 455
75108 455
75148 455
75192 455
75236 455
75276 455
75320 455
75360 455
75404 455
75444 455
75488 460
75532 462
75580 463
75620 480
75664 480
75704 480
75748 480
75792 480
75832 480
75876 480
75916 480
75960 480
76000 480
76044 480
76084 480
76128 480
76172 480
76212 480
76256 480
76300 480
76340 480
76384 480
76424 480
76468 480
76508 480
76552 480
76592 480
76636 480
76680 480
76720 480
76768 480
76812 480
76852 480
76896 480
76940 480
76980 480
77024 480
77064 480
77108 480
77148 480
77192 480
77236 480
77276 480
77320 480
77360 480
77404 480
77444 480
77488 480
77528 463
77572 463
77616 462
77656 462
77700 455
77740 455
77788 455
77832 455
77876 455
77916 455
77960 455
78000 455
78044 455
78084 455
78128 455
78172 455
78212 455
78256 455
78296 455
78340 455
78380 451
78424 455
78464 455
78508 455
78552 455
78592 455
78636 455
78676 455
78720 455
78760 455
78812 455
78852 455
78896 455
78936 455
78980 455
79020 455
79064 460
79108 455
79148 462
79192 462
79232 463
79276 463
79316 463
79360 480
79400 480
79444 480
79488 480
79528 480
79572 480
79612 480
79656 480
79696 480
79740 480
79784 480
79832 480
79872 480
79916 480
79956 480
80000 480
80044 480
80084 480
80128 480
80168 480
80212 480
80252 480
80296 480
80336 480
80380 480
80424 480
80464 480
80508 463
80548 463
80592 463
80632 462
80676 462
80720 460
80760 460
80804 460
80852 455
80892 455
80936 455
80980 460
81020 455
81064 455
81104 455
81148 455
81188 455
81232 455
81272 455
81316 455
81360 455
81400 455
81444 455
81484 455
81528 455
81568 455
81612 455
81656 460
81696 462
81740 480
81780 463
81824 463
81872 480
81916 480
81956 480
82000 480
82040 480
82084 480
82124 480
82168 480
82208 480
82252 480
82296 480
82336 480
82380 480
82420 480
82464 480
82504 480
82548 480
82592 480
82632 480
82676 480
82716 480
82760 480
82800 480
82844 480
82892 480
82936 480
82976 480
83020 480
83060 480
83104 480
83144 480
83188 480
83232 480
83272 480
83316 480
83356 480
83400 480
83440 480
83484 480
83528 480
83568 480
83612 480
83652 480
83696 480
83736 480
83780 480
83820 480
83864 480
83912 462
83956 460
83996 462
84040 460
84080 455
84124 455
84168 455
84208 455
84252 455
84292 455
84336 455
84376 460
84420 455
84464 455
84504 455
84548 455
84588 455
84632 455
84672 460
84716 462
84756 460
84800 462
84844 462
84884 462
84932 463
84976 463
85016 480
85060 480
85104 480
85144 480
85188 480
85228 480
85272 480
85312 480
85356 480
85400 480
85440 480
85484 480
85524 480
85568 480
85608 480
85652 480
85692 480
85736 480
85780 480
85820 480
85864 480
85904 480
85948 480
85996 480
86040 480
86080 480
86124 480
86164 480
86208 480
86248 480
86292 480
86336 480
86376 480
86420 480
86460 480
86504 480
86544 480
86588 480
86628 480
86672 480
86716 480
86756 480
86800 480
86840 480
86884 463
86924 463
86968 462
87012 463
87056 462
