4 159
216 176
436 184
648 192
860 195
1072 199
1284 206
1504 207
1716 207
1928 211
2140 216
2352 216
2572 184
2784 152
2996 127
3208 112
3420 96
3640 88
3852 74
4064 63
4276 63
4488 56
4704 56
4920 48
5132 48
5344 47 
5560 46
5772 48
5988 79
6200 112
6412 127
6628 152
6840 163
7052 176
7268 184
7480 192
7696 195
7908 199
8120 206
8332 207
8548 207
8764 211
8976 216
9188 216
9400 177
9612 152
9832 127
10044 108
10256 96
10468 79
10688 71
10900 63
11112 62
11324 56
11536 56
11756 49
11968 48
12180 48
12392 44
12604 49
12824 88
13036 113
13248 135
13460 152
13672 167
13892 176
14104 188
14316 192
14528 199
14740 199
14960 207
15172 207
15384 207
15596 211
15816 216
16028 207
16240 176
16452 143
16664 124
16880 103
17096 92
17308 79
17520 71
17732 63
17948 60
18164 56
18376 51
18588 48
18800 48
19016 48
19228 44
19444 56
19656 92
19868 120
20084 135
20296 156
20508 167
20724 177
20940 192
21152 192
21364 199
21576 199
21788 207
22008 207
22220 209
22432 216
22644 216
22856 199
23076 167
23288 142
23500 120
23712 103
23924 92
24144 79
24356 71
24568 63
24780 60
24992 56
25212 51
25424 48
25636 48
25848 48
26068 44
26280 63
26492 96
26704 124
26916 142
27136 159
27348 167
27560 184
27772 192
27984 193
28204 199
28416 199
28628 207
28840 207
29052 207
29272 216
29484 216
29696 195
29908 163
30120 135
30340 120
30552 99
30764 88
30976 79
31192 67
31408 63
31620 60
31832 56
32044 49
32260 48
32472 48
32688 46
32900 39
33112 63
33328 97
33540 126
33752 143
33968 159
34180 167
34396 184
34608 192
34820 193
35032 199
35252 204
35464 207
35676 207
35888 209
36100 216
36320 216
36532 192
36744 158
36956 127
37168 113
37388 97
37600 88
37812 78
38024 63
38236 63
38456 60
38668 56
38880 51
39092 48
39304 48
39524 46
39736 44
39948 71
40160 103
40380 127
40592 145
40804 159
41016 176
41228 184
41448 192
41660 195
41872 199
42084 206
42296 207
42516 207
42728 216
42940 216
43152 216
43364 188
43584 156
43796 127
44008 112
44220 96
44432 88
44648 71
44864 63
45076 62
45288 56
45504 56
45716 49
45932 48
46144 48
46356 46
46572 39
46784 79
46996 110
47212 127
47424 152
47640 163
47852 176
48064 184
48276 192
48492 195
48708 199
48920 206
49132 207
49344 207
49556 216
49776 216
49988 216
50200 179
50412 152
50632 127
50844 110
51056 96
51268 81
51480 71
51700 63
51912 62
52124 56
52336 56
52548 49
52768 48
52980 48
53192 46
53404 48
53616 83
53836 112
54048 127
54260 152
54472 163
