20 19
132 24
252 19
364 19
476 19
588 19
700 19
812 19
924 19
1036 19
1148 19
1268 19
1380 19
1492 19
1604 19
1716 19
1828 19
1940 19
2052 512
2164 512
2284 511
2396 511
2508 511
2620 511
2732 511
2844 511
2960 511
3072 511
3184 511
3296 511
3412 512
3524 512
3640 512
3752 511
3864 511
3976 512
4088 511
4200 19
4312 19
4432 19
4544 19
4656 19
4768 19
4880 19
4992 19
5104 19
5216 19
5328 19
5448 19
5560 19
5672 19
5784 19
5896 19
6008 19
6120 19
6232 511
6344 511
6464 511
6576 511
6688 511
6800 511
6912 511
7024 511
7136 511
7248 511
7360 511
7480 511
7592 511
7704 511
7816 511
7928 512
8040 511
8156 511
8268 19
8380 19
8496 19
8608 19
8720 24
8836 19
8948 24
9060 19
9172 19
9284 19
9396 19
9512 19
9628 19
9740 19
9852 19
9964 19
10076 19
10188 19
10300 512
10412 511
10532 511
10644 511
10756 511
10868 511
10980 511
11092 511
11204 511
11316 511
11428 511
11548 511
11660 511
11772 511
11884 511
11996 511
12108 511
12220 511
12332 511
12444 19
12564 19
12676 19
12788 19
12900 19
13012 19
13124 19
13236 19
13352 19
13464 19
13580 19
13692 19
13804 19
13916 19
14032 19
14144 19
14256 19
14368 19
14480 512
14596 511
14712 511
14824 511
14936 511
15048 511
15160 511
15272 512
15384 511
15496 511
15616 511
15728 511
15840 511
15952 511
16064 512
16176 511
16288 511
16400 512
16512 19
16632 19
16744 19
16856 24
16968 19
17080 19
17192 24
17304 19
17416 19
17528 19
17648 24
17760 24
17872 24
17984 24
18096 24
18208 19
18320 19
18432 19
18548 512
18660 511
18776 512
18888 511
19000 511
19112 511
19228 511
19340 511
19452 511
19564 511
19676 512
19792 511
19904 511
20016 511
20128 511
20240 512
20352 511
20464 511
20576 511
20688 19
20808 19
20920 19
21032 19
21144 24
21256 19
21368 19
21480 24
21592 19
21708 19
21824 19
21936 24
22048 24
22160 19
22272 24
22384 19
22500 19
22612 19
22724 511
22840 511
22952 511
23064 512
23180 511
23292 511
23404 512
23516 511
23628 511
23740 511
23856 512
23972 512
24084 511
24196 512
24308 511
24420 511
24532 511
24644 511
24756 19
24876 19
24988 19
25100 19
25212 19
25324 17
25436 19
25548 19
25660 19
25772 19
25892 19
26004 19
26116 19
26228 19
26340 19
26452 19
26564 19
26676 19
26788 512
26908 511
27020 511
27132 511
27244 511
27356 511
27468 511
27580 511
27696 511
27808 511
27924 511
28036 511
28148 511
28260 511
28376 511
28488 511
28600 511
28712 511
28824 511
28944 19
29056 19
29168 19
29280 24
29392 19
29508 19
29620 19
29732 19
29844 19
29956 24
30068 19
30180 19
30292 19
30404 19
30524 19
30636 19
30748 24
30860 19
30972 511
31084 512
31200 511
31312 511
31424 511
31540 512
31652 511
31764 511
31880 512
31992 511
32104 511
32216 511
32328 511
32440 511
32556 511
32672 512
32784 512
32896 511
33008 19
33120 19
33232 24
33344 24
33456 19
33576 19
33688 19
33800 19
33912 19
34024 19
34136 19
34248 19
34360 24
34472 19
34592 19
34704 19
34816 19
34928 19
35040 512
35152 511
35264 511
35376 511
35488 512
35608 511
35720 511
35832 511
35944 511
36056 511
36168 511
36280 512
36396 512
36508 511
36624 511
36736 511
36848 511
36960 511
37076 511
37188 19
37300 19
37412 19
37524 19
37640 19
37756 19
37868 19
37980 19
38092 24
38204 19
38316 19
38428 19
38540 17
38660 19
38772 19
38884 24
38996 19
39108 19
39220 511
39332 511
39444 511
39556 511
39676 512
39788 511
39900 511
40012 512
40124 511
40236 512
40348 511
40460 511
40572 511
40692 511
40804 512
40916 511
41028 511
41140 511
41252 19
41364 19
41476 19
41592 19
41708 19
41820 19
41932 19
42044 19
42156 19
42272 19
42384 19
42496 24
42608 19
42724 17
42836 19
42952 19
43064 19
43176 19
43288 512
43400 511
43512 511
43624 512
43744 511
43856 511
43968 511
44080 511
44192 511
44304 511
44416 512
44528 511
44640 511
44752 511
44872 511
44984 511
45096 511
45208 511
45320 511
45432 19
45544 19
45656 19
45768 19
45888 19
46000 24
46112 19
46224 19
46336 19
46448 19
46560 19
46672 19
46788 19
46904 24
47016 24
47128 19
47240 19
47352 19
47468 511
47580 511
47692 511
47804 511
47920 511
48032 511
48148 511
48260 511
48372 511
48484 511
48596 511
48708 511
48820 511
48940 511
49052 511
49164 511
49276 511
49388 511
49500 19
49612 19
49724 19
49836 24
49956 19
50068 19
50180 19
50292 19
50404 19
50516 19
50628 19
50740 19
50852 19
50972 19
51084 19
51196 19
51308 19
51420 24
51532 512
51644 511
51756 511
51868 511
51988 511
52100 511
52212 511
52324 511
52436 511
52548 512
52664 511
52776 511
52888 511
53004 512
53116 512
53228 512
53344 512
53456 512
53568 511
53680 19
53792 19
53904 19
54020 19
54136 19
54248 19
54360 19
54472 19
54584 19
54696 19
54808 19
54920 19
55040 24
55152 24
55264 19
55376 19
55488 19
55600 19
55712 511
55824 511
55936 511
56056 511
56168 511
56280 511
56392 511
56504 511
56616 511
56728 512
56840 511
56952 511
57072 512
57184 512
57296 511
57408 512
57520 511
57632 511
57744 19
57860 19
57972 19
58092 19
58204 24
58316 19
58428 19
58540 19
58652 19
58764 19
58876 19
58992 19
59108 19
59220 19
59332 24
59444 19
59556 19
59672 19
59784 512
59896 511
60008 511
60124 512
60236 511
60352 511
60464 511
60576 511
60688 511
60800 511
60912 511
61024 511
61144 511
61256 512
61368 511
61480 511
61592 511
61704 511
61816 511
61928 19
62040 19
62160 19
62272 24
62384 19
62496 19
62608 24
62720 19
62832 19
62944 24
63056 19
63176 19
63288 19
63400 19
63512 19
63624 19
63736 24
63848 19
63960 512
64072 511
64188 511
64304 511
64416 511
64528 511
64640 511
64752 511
64868 511
64980 511
65092 511
65204 511
65320 511
65432 511
65544 511
65656 511
65768 511
65880 511
65992 19
66104 19
66216 19
66336 24
66448 19
66560 19
66672 19
66784 19
66896 19
67008 19
67120 19
67236 24
67352 19
67464 19
67576 19
67688 19
67800 19
67912 19
68028 512
68140 511
68252 511
68368 511
68480 511
68592 511
68708 511
68820 511
68932 511
69044 511
69156 512
69268 511
69384 511
69500 511
69612 512
69724 512
69836 512
69948 512
70060 512
70172 19
70284 19
70404 24
70516 24
70628 24
70740 24
70852 19
70964 19
71076 19
71188 19
71300 19
71420 24
71532 19
71644 19
71756 19
71868 19
71980 19
72092 19
72204 511
72316 511
72436 511
72548 511
72660 511
72772 511
72884 511
72996 511
73108 511
73220 511
73336 511
73452 511
73564 511
73676 511
73788 512
73900 511
74016 511
74128 511
74240 19
74352 19
74468 24
74580 19
74696 19
74808 19
74920 19
75032 19
75144 19
75256 19
75368 24
75488 19
75600 19
75712 19
75824 24
75936 19
76048 19
76160 24
76272 512
76384 511
76504 511
76616 511
76728 511
76840 511
76952 512
77064 511
77176 511
77288 512
77400 511
77520 511
77632 511
77744 512
77856 511
77968 511
78080 512
78192 511
78304 511
78416 19
78536 19
78648 19
78760 19
78872 19
78984 19
79096 19
79212 19
79324 19
79436 19
79552 19
79664 19
79776 19
79892 19
80004 17
80116 19
80228 19
80340 19
80452 511
80564 511
80680 511
80792 511
80904 511
81016 511
81128 511
81240 511
81352 511
81464 511
81576 511
81696 511
81808 511
81920 511
82032 511
82144 511
82256 511
82372 512
82484 19
82596 19
82712 19
82824 24
82936 19
83052 19
83164 24
83276 19
83388 19
83500 19
83612 19
83728 19
83844 19
83956 24
84068 24
84180 19
84292 19
84404 19
84516 512
84628 511
84748 511
84860 511
84972 511
85084 511
85196 511
85308 511
85420 511
85532 511
85644 511
85764 511
85876 511
85988 511
86100 511
86212 511
86324 511
86436 511
86548 511
86660 19
86780 19
86892 19
87004 19
87116 19
87228 24
87340 19
87452 19
87572 19
87684 19
87796 19
87908 19
88020 19
88132 19
88244 19
88356 19
88468 19
88588 19
88700 511
88812 511
88924 511
89036 511
89148 512
89260 511
89376 511
89488 511
89604 511
89716 511
89828 511
89940 511
90056 511
90168 511
90280 511
90392 511
90504 511
90620 511
90736 19
90848 19
90960 24
91072 19
91184 19
91296 19
91408 19
91520 19
91640 19
91752 24
91864 19
91976 19
92088 19
92200 19
92312 19
92424 19
92536 19
92656 19
92768 512
92880 511
92992 511
93104 511
93216 511
93328 511
93440 511
93552 511
93672 512
93784 511
93896 511
94008 511
94120 511
94232 511
94344 511
94456 511
94572 511
94688 511
94800 511
94912 19
95024 19
95136 19
95248 19
95364 24
95476 19
95588 19
95700 19
95816 19
95928 17
96044 19
96156 24
96268 19
96380 19
96492 19
96604 19
96716 19
96836 19
96948 511
97060 511
97172 511
97284 512
97396 511
97508 511
97620 511
97732 511
97852 512
97964 511
98076 512
98188 511
98300 511
98412 511
98524 511
98636 511
98748 511
98868 512
98980 24
99092 24
99204 19
99316 19
99428 19
99540 19
99652 19
99764 19
99884 24
99996 19
100108 19
100220 19
100332 19
100444 19
100560 19
100672 19
100784 24
100900 19
101012 512
101124 511
101240 511
101352 511
101464 511
101576 511
101688 512
101800 511
101916 511
102032 511
102144 511
102256 511
102368 511
102480 511
102592 511
102704 512
102816 511
102936 512
103048 348
103160 24
103272 19
103384 19
103496 24
103608 24
103720 19
103832 19
103952 19
104064 19
104176 19
104288 24
104400 19
104512 19
104624 24
104736 19
104848 19
104968 19
105080 24
105192 511
105304 511
105416 512
105528 511
105640 511
105756 511
105868 511
105984 511
106096 511
106208 512
106320 511
106436 511
106548 511
106660 512
106772 511
106884 512
107000 511
107116 511
107228 19
107340 19
107452 19
107564 19
107676 19
107788 19
107900 19
108020 19
108132 19
108244 19
108356 19
108468 19
108580 19
108692 19
108804 19
108916 19
109036 19
109148 19
109260 512
109372 511
109484 511
109596 511
109708 511
109820 511
109932 511
110052 511
110164 511
110276 511
110388 511
110500 511
110612 511
110724 511
110836 511
110952 511
111064 511
111180 511
111292 19
111404 19
111516 24
111632 24
111744 19
111856 19
111968 24
112080 19
112196 19
112308 19
112420 19
112532 19
112644 19
112756 19
112868 19
112980 19
113092 19
113212 19
113324 19
113436 511
113548 511
113660 511
113772 511
113884 511
113996 511
114112 512
114228 511
114340 511
114452 511
114564 511
114676 511
114792 511
114904 511
115016 511
115128 511
115244 511
115356 511
115472 19
115584 19
115700 19
115812 24
115924 19
116040 19
116152 24
116264 24
116380 19
116492 19
116604 24
116720 19
116832 19
116944 24
117056 24
117168 19
117280 19
117396 24
117512 512
117624 512
117736 512
117848 512
117960 511
118072 512
118184 511
118296 511
118416 511
118528 512
118640 511
118752 511
118864 511
118976 511
119088 511
119200 511
119312 511
119432 511
119544 17
119656 19
119768 19
119880 19
119992 19
120104 19
120216 19
120328 19
120448 19
120560 19
120672 19
120784 19
120896 19
121008 19
121120 19
121236 19
121348 19
121464 19
121576 19
121688 511
121800 511
121916 511
122028 511
122140 511
122252 511
122364 511
122480 511
122596 511
122708 511
122820 511
122932 511
123044 511
123156 511
123268 511
123380 511
123500 511
123612 511
123724 19
123836 19
123948 24
124060 19
124172 24
124284 24
124396 19
124516 19
124628 19
124740 24
124852 24
124964 19
125076 24
125188 19
125300 19
125412 19
125532 24
125644 19
125756 512
125868 512
125980 511
126092 511
126204 512
126316 511
126432 511
126548 511
126660 512
126772 511
126884 511
126996 512
127112 511
127224 511
127336 512
127448 511
127564 511
127676 511
127792 17
127904 19
128016 19
128128 19
128240 24
128352 19
128464 19
128576 19
128696 19
128808 24
128920 19
129032 19
129144 19
129256 19
129368 19
129480 19
129592 19
129712 19
129824 19
129936 511
130048 511
130160 512
130272 512
130384 511
130496 511
130608 512
130728 511
130840 511
130952 511
131064 512
131176 511
131288 512
131400 511
131512 511
131628 511
131744 511
131856 511
131968 19
132080 19
132192 19
132308 19
132420 19
132532 19
132644 19
132760 19
132872 19
132988 24
133100 19
133212 19
133324 19
133436 19
133548 19
133660 19
133780 19
133892 19
134004 512
134116 511
134228 511
134340 511
134452 511
134564 511
134676 511
134796 512
134908 511
135020 511
135132 512
135244 511
135356 511
135468 511
135580 511
135692 511
135812 511
135924 511
136036 19
136148 24
136260 19
136372 19
136484 24
136596 19
136708 19
136828 19
136940 19
137052 19
137164 19
137276 19
137388 19
137504 19
137616 24
137728 24
137844 19
137956 19
138068 19
138184 512
138296 511
138408 511
138520 511
138632 511
138744 511
138860 511
138976 511
139088 511
139200 511
139312 511
139424 511
139536 511
139648 511
139760 511
139880 511
139992 511
140104 511
140216 19
140328 19
140440 19
140552 19
140664 17
140776 19
140896 19
141008 24
141120 19
141232 19
141344 24
141456 19
141568 19
141680 19
141792 19
141912 19
142024 19
142136 24
142248 512
142360 511
142472 511
142584 511
142696 511
142812 511
142928 512
143040 511
143152 512
143264 512
143376 512
143492 512
143604 512
143716 512
143828 512
143944 512
144056 512
144172 512
144284 19
144396 19
144508 19
144628 19
144740 19
144852 19
144964 19
145076 19
145188 19
145300 19
145412 19
145524 19
145644 19
145756 19
145868 19
145980 19
146092 24
146204 19
146316 19
146428 512
146540 512
146660 512
146772 512
146884 512
146996 511
147108 511
147220 512
147332 512
147444 511
147556 511
147676 511
147788 511
147900 511
148012 512
148124 511
148236 511
148352 511
148464 19
148576 19
148692 19
148804 24
148916 19
149032 19
149144 19
149256 19
149368 19
149480 19
149592 19
149708 19
149824 19
149936 19
150048 19
150160 19
150272 17
150384 19
150496 511
150608 511
150728 511
150840 511
150952 511
151064 511
151176 511
151288 511
151400 511
151512 511
151624 511
151744 511
151856 511
151968 511
152080 511
152192 511
152304 511
152416 511
152528 17
152640 19
152760 19
152872 19
152984 19
153096 19
153208 19
153320 19
153432 19
153548 19
153660 19
153776 24
153888 19
154000 19
154112 19
154228 24
154340 19
154452 19
154564 19
154676 511
154792 511
154908 511
155020 511
155132 511
155244 511
155356 511
155468 511
155580 511
155692 511
155812 511
155924 511
156036 511
156148 512
156260 511
156372 511
156484 511
156596 511
156708 19
156828 19
156940 24
157052 19
157164 19
157276 19
157388 19
157500 19
157612 19
157724 19
157836 19
157956 19
158068 19
158180 19
158292 19
158404 19
158516 19
158628 19
158744 511
158856 511
158972 511
159084 511
159196 511
159308 511
159424 511
159536 511
159648 511
159760 512
159872 511
159988 511
160104 511
160216 511
160328 511
160440 511
160552 512
160664 511
160776 17
160888 19
161008 19
161120 19
161232 19
161344 19
161456 19
161568 19
161680 19
161792 19
161904 19
162024 19
162136 19
162248 19
162360 19
162472 19
162584 19
162696 19
162808 19
162920 512
163040 512
163152 512
163264 512
163376 511
163488 511
163600 512
163712 511
163824 512
163940 511
164056 511
164168 511
164280 512
164392 511
164504 511
164620 511
164732 511
164844 511
164956 19
165072 24
165184 24
165300 19
165412 19
165524 19
165636 19
165748 19
165860 19
165972 19
166092 19
166204 19
166316 19
166428 19
166540 19
166652 19
166764 19
166876 19
166988 511
167108 511
167220 511
167332 511
167444 511
167556 511
167668 511
167780 511
167892 512
168004 511
168124 511
168236 511
168348 511
168460 511
168572 511
168684 512
168796 511
168908 511
169020 19
169140 19
169252 19
169364 19
169476 24
169588 19
169700 19
169816 19
169928 19
170040 19
170156 19
170268 19
170380 19
170496 19
170608 19
170720 19
170832 19
170944 19
171056 19
171172 512
171288 511
171400 512
171512 512
171624 512
171736 511
171848 511
171960 511
172072 511
172192 511
172304 511
172416 511
172528 511
172640 511
172752 511
172864 511
172976 511
173088 511
173200 24
173320 19
173432 19
173540 24
173660 19
173772 19
173884 19
173996 19
174108 19
174220 19
174332 19
174444 19
174556 19
174676 19
174788 19
174900 19
175012 19
175124 19
175236 511
175348 511
175464 511
175576 511
175692 511
175804 511
175916 511
176028 511
176144 511
176256 511
176368 511
176480 511
176592 511
176704 511
176820 511
176932 511
177044 511
177156 511
177268 19
177380 19
177492 19
177604 19
177716 19
177836 24
177948 19
178060 24
178172 19
178284 19
178396 19
178508 19
178624 19
178736 19
178852 24
178964 19
179076 19
179188 19
179304 19
179416 511
179528 511
179640 511
179752 511
179868 511
179984 511
180096 511
180208 511
180320 511
180432 511
180544 511
180656 511
180768 511
180888 511
181000 511
181112 511
181224 511
181336 511
181448 19
181560 19
181672 24
181784 19
181904 19
182016 19
182128 19
182240 19
182352 19
182464 19
182576 19
182688 19
182800 17
182920 19
183032 19
183144 19
183256 19
183368 24
183480 511
183592 511
183704 511
183820 511
183936 511
184048 511
184160 511
184272 511
184384 511
184500 511
184612 511
184724 511
184836 511
184952 511
185064 512
185180 511
185292 511
185404 512
185516 17
185628 19
185740 19
185852 24
185972 19
186084 19
186196 24
186308 24
186420 19
186532 19
186644 19
186756 19
186868 19
186988 24
187100 19
187212 19
187324 19
187436 24
187548 463
187660 511
187772 511
187884 512
188004 511
188116 511
188228 511
188340 511
188452 511
188564 511
188676 511
188788 511
188900 511
189020 511
189132 511
189244 511
189356 511
189468 511
189580 511
189696 19
189808 24
189920 19
190036 19
190148 19
190260 19
190376 19
190488 19
190600 24
190712 19
190824 19
190936 19
191052 19
191168 19
191280 19
191392 19
191504 19
191616 19
191728 511
191840 511
191952 511
192064 511
192180 511
192292 511
192404 511
192516 511
192628 511
192740 511
192852 511
192964 511
193076 511
193196 511
193308 511
193420 511
193532 511
193644 511
193756 24
193868 19
193980 19
194096 24
194212 19
194324 19
194436 19
194548 24
194660 19
194776 19
194888 24
195000 19
195112 19
195228 19
195340 19
195456 19
195568 19
195680 19
195792 415
195904 511
196016 511
196128 511
196248 511
196360 511
196472 511
196584 511
196696 511
196808 511
196920 511
197032 511
197144 511
197264 511
197376 511
197488 511
197600 511
197712 512
197824 511
197936 19
198048 19
198160 19
198280 19
198392 24
198504 19
198616 19
198728 19
198840 19
198952 19
199064 19
199176 19
199296 19
199408 24
199520 19
199632 19
199744 19
199856 19
199972 511
200084 511
200196 511
200312 511
200424 511
200536 511
200652 511
200764 511
200876 511
200988 511
201100 511
201212 511
201328 511
201444 511
201556 511
201668 511
201780 511
201892 512
202004 19
202116 19
202228 19
202348 19
202460 19
202576 19
202692 19
202804 19
202916 19
203028 24
203144 19
203256 19
203368 19
203480 19
203592 19
203708 19
203824 19
203936 19
204048 19
204160 511
204272 511
204384 511
204496 511
204608 511
204728 511
204840 511
204952 511
205064 511
205176 511
205288 511
205400 511
205512 511
205624 511
205744 511
205856 511
205968 511
206080 511
206192 19
206304 19
206416 19
206528 19
206640 19
206760 19
206872 19
206984 19
207096 19
207208 19
207320 19
207432 19
207544 19
207660 19
207776 19
207888 19
208000 19
208112 19
208224 511
208340 511
208452 511
208564 511
208676 511
208792 511
208904 511
209020 511
209132 511
209244 511
209356 511
209468 511
209580 511
209692 511
209812 511
209924 511
210036 511
210148 511
210260 17
210372 24
210484 19
210596 19
210708 19
210828 24
210940 19
211052 19
211164 19
211276 19
211388 19
211500 19
211612 19
211724 19
211844 19
211956 19
212068 19
212180 19
212292 184
212404 511
212516 511
212628 512
212740 511
212860 511
212972 511
213084 512
213196 512
213308 511
213420 512
213536 511
213648 512
213760 511
213876 512
213988 512
214100 511
214216 512
214328 512
214440 19
214552 19
214664 19
214776 24
214892 19
215008 19
215120 19
215232 19
215344 19
215456 19
215568 19
215680 19
215792 19
215912 19
216024 19
216136 19
216248 19
216360 19
216472 511
216584 511
216696 511
216808 512
216920 511
217040 511
217152 512
217264 511
217376 511
217488 512
217600 511
217712 512
217824 512
217936 512
218056 512
218168 512
218280 512
218392 511
218504 19
218616 19
218728 19
218840 19
218952 24
219072 19
219184 19
219296 24
219408 19
219520 19
219632 19
219744 19
219856 19
219972 19
220088 24
220200 19
220312 19
220424 19
220536 199
220652 511
220764 511
220876 511
220988 511
221104 511
221216 511
221332 511
221444 511
221556 511
221668 511
221780 511
221892 511
222004 511
222124 511
222236 511
222348 511
222460 511
222572 511
222684 19
222796 19
222908 24
223020 19
223140 17
223252 19
223364 19
223476 19
223588 19
223700 19
223812 19
223924 19
224036 19
224156 19
224268 19
224380 19
224492 19
224604 19
224716 511
224828 511
224940 511
225052 511
225172 511
225284 511
225396 511
225508 511
225620 511
225732 511
225848 511
225960 511
226072 511
226188 511
226300 511
226412 511
226528 511
226640 512
226752 19
226864 19
226976 19
227088 19
227204 19
227320 19
227432 24
227544 19
227656 19
227768 19
227880 19
227992 19
228104 19
228224 24
228336 19
228448 19
228560 19
228672 19
228784 512
228896 511
229008 511
229120 511
229240 512
229352 512
229464 511
229576 511
229688 511
229800 511
229912 512
230024 511
230136 511
230256 511
230368 511
230480 511
230592 511
230704 511
230816 511
230928 19
231044 24
231156 19
231272 19
