4 480
224 492
436 472
648 432
860 384
1072 304
1292 224
1504 156
1716 97
1928 63
2148 51
2360 63
2572 103
2784 163
2996 231
3216 312
3428 384
3640 440
3852 480
4064 496
4284 480
4496 440
4708 384
4920 312
5132 240
5352 159
5564 103
5776 63
5988 51
6200 63
6420 97
6632 158
6844 224
7056 304
7272 384
7488 432
7700 476
7912 492
8124 480
8340 448
8556 391
8768 319
8980 248
9192 176
9408 112
9620 71
9836 56
10048 62
10260 92
10476 143
10688 216
10900 287
11116 359
11328 423
11544 472
11756 487
11968 483
12180 451
12400 399
12612 334
12824 255
13036 184
13248 124
13468 71
13680 56
13892 60
14104 88
14316 135
14536 206
14748 280
14960 352
15172 415
15384 463
15604 487
15816 487
16028 455
16240 412
16452 344
16672 255
16884 193
17096 127
17308 79
17528 56
17740 56
17952 79
18164 127
18376 192
18596 255
18808 344
19020 408
19232 455
19444 487
19664 487
19876 463
20088 415
20300 353
20512 284
20728 206
20944 135
21156 88
21368 60
21580 56
21796 71
22012 120
22224 184
22436 255
22652 334
22864 399
23076 451
23292 483
23504 487
23720 472
23932 423
24144 364
24356 287
24572 216
24788 143
25000 96
25212 62
25424 56
25636 71
25856 112
26068 176
26280 248
26492 319
26704 391
26924 448
27136 480
27348 492
27560 476
27780 432
27992 376
28204 304
28416 225
28628 158
28848 97
29060 63
29272 51
29484 63
29696 103
29916 163
30128 231
30340 312
30552 384
30764 440
30984 480
31196 496
31408 480
31620 448
31840 384
32052 312
32264 240
32476 163
32688 103
32908 63
33120 49
33332 63
33544 96
33756 156
33972 224
34188 304
34400 376
34612 432
34824 472
35040 492
35256 480
35468 448
35680 391
35892 319
36108 248
36320 176
36536 112
36748 71
36964 56
37176 62
37388 92
37600 143
37816 216
38032 287
38244 359
38456 423
38668 472
38880 487
39100 483
39312 451
39524 399
39736 335
39948 255
40168 184
40380 120
40592 78
40804 56
41016 60
41236 88
41448 135
41660 199
41872 280
42092 352
42304 415
42516 463
42728 487
42940 487
43160 455
43372 412
43584 344
43796 255
44008 195
44228 127
44440 79
44652 56
44864 56
45076 79
45296 127
45508 192
45720 255
45932 344
46144 408
46364 455
46576 487
46788 487
47000 463
47216 415
47432 353
47644 284
47856 207
48068 135
48284 88
48500 60
48712 56
48924 71
49136 120
49352 184
49564 255
49780 327
49992 399
50204 451
50420 483
50632 487
50844 472
51060 423
51272 368
51488 287
51700 216
51912 147
52124 96
52344 62
52556 56
52768 71
52980 112
53192 172
53412 248
53624 319
53836 391
54048 448
54260 480
54480 492
