20 494
132 487
244 483
356 480
468 472
584 455
696 448
808 432
924 415
1036 399
1148 384
1260 359
1376 339
1488 319
1600 295
1712 271
1824 252
1940 227
2056 207
2168 184
2280 163
2392 143
2504 127
2616 112
2728 96
2840 88
2960 71
3072 63
3184 60
3296 56
3408 51
3520 56
3632 56
3744 62
3856 63
3976 78
4088 88
4200 99
4312 115
4424 127
4536 152
4648 167
4760 192
4872 216
4992 231
5104 255
5216 280
5328 304
5440 319
5552 348
5664 368
5776 385
5892 408
6008 423
6120 440
6232 451
6344 463
6456 476
6572 480
6684 487
6796 487
6908 496
7024 487
7136 487
7252 480
7364 472
7476 462
7588 448
7700 433
7812 415
7924 399
8044 384
8156 359
8268 344
8380 319
8492 295
8604 280
8716 255
8828 231
8940 207
9060 192
9172 167
9284 147
9396 127
9508 112
9620 97
9732 88
9844 71
9956 63
10076 60
10188 56
10300 56
10412 56
10524 56
10636 60
10748 63
10860 71
10972 88
11092 97
11204 113
11316 127
11428 152
11540 167
11652 192
11768 207
11880 231
11992 255
12108 280
12220 304
12332 319
12448 344
12560 368
12672 384
12784 399
12896 419
13008 440
13120 448
13236 463
13348 472
13460 480
13572 487
13684 487
13796 496
13908 487
14020 487
14132 480
14252 472
14364 463
14476 449
14588 440
14700 419
14812 408
14928 385
15040 368
15152 348
15268 319
15380 304
15492 280
15608 255
15720 231
15832 216
15944 192
16056 167
16168 152
16284 127
16400 115
16512 99
16624 88
16736 78
16848 63
16960 62
17072 56
17184 56
17304 51
17416 56
17528 60
17640 63
17752 71
17864 83
17976 96
18088 112
18200 127
18320 143
18432 163
18544 188
18656 207
18768 227
18880 252
18992 271
19104 295
19216 319
19336 344
19448 359
19560 384
19672 399
19784 415
19896 433
20008 448
20124 462
20236 472
20352 480
20464 483
20576 487
20688 496
20804 492
20916 487
21028 480
21140 476
21252 463
21368 451
21484 440
21596 423
21708 408
21820 387
21932 368
22044 352
22156 319
22268 305
22388 284
22500 255
22612 240
22724 216
22836 193
22948 176
23060 156
23172 127
23284 120
23404 99
23516 88
23628 79
23740 63
23852 62
23964 56
24076 56
24188 51
24300 56
24420 60
24532 63
24644 71
24756 81
24868 96
24980 112
25092 127
25204 143
25320 159
25436 184
25548 206
25660 225
25772 248
25884 271
26000 295
26112 318
26224 335
26336 359
26452 384
26564 399
26680 415
26792 432
26904 448
27016 455
27128 472
27240 480
27352 483
27472 487
27584 494
27696 492
27808 487
27920 481
28032 480
28144 463
28256 455
28368 448
28480 423
28600 408
28712 387
28824 371
28944 352
29056 334
29168 312
29280 287
29392 255
29504 248
29616 224
29728 199
29848 177
29960 159
30072 142
30184 124
30296 103
30408 96
30520 79
30632 71
30748 63
30864 60
30976 56
31088 51
31200 56
31312 56
31424 63
31536 67
31648 79
31760 92
31880 103
31992 120
32104 135
32216 156
32328 176
32440 195
32552 216
32668 240
32780 255
32896 287
33008 312
33120 327
33232 352
33348 376
33460 391
33572 408
33684 423
33796 448
33912 455
34028 465
34140 480
34252 483
34364 487
34476 494
34588 496
34700 487
34812 487
34932 480
35044 472
35156 455
35268 448
35380 432
35492 415
35604 399
35716 384
35828 359
35948 335
36060 318
36172 295
36284 271
36396 252
36508 227
36620 207
36732 188
36844 163
36964 143
37076 127
37188 112
37300 96
37412 83
37524 71
37636 63
37748 60
37864 56
37980 51
38092 56
38204 56
38316 62
38428 63
38540 78
38656 88
38768 99
38880 115
38996 127
39108 152
39220 167
39336 192
39448 216
39560 231
39672 255
39784 280
39896 304
40012 319
40128 352
40240 368
40352 385
40464 408
40576 423
40688 440
40800 451
40912 463
41032 476
41144 480
41256 487
41368 492
41480 496
41592 487
41704 487
41816 480
41928 472
42048 463
42160 448
42272 433
42384 415
42496 399
42608 384
42720 364
42832 344
42944 319
43064 295
43176 280
43288 255
43400 231
43512 207
43624 192
43736 167
43852 152
43964 127
44080 112
44192 97
44304 88
44416 71
44532 63
44644 62
44756 56
44868 56
44980 51
45096 56
45212 60
45324 63
45436 71
45548 88
45660 97
45772 112
45884 127
45996 145
46108 167
46224 192
46336 207
46448 231
46560 254
46672 275
46784 295
46896 319
47008 344
47120 359
47240 384
47352 399
47464 415
47576 433
47688 448
47800 462
47912 472
48024 480
48140 483
48256 487
48368 496
48480 487
48592 487
48704 480
48816 472
48932 463
49044 449
49156 440
49272 419
49384 408
49496 385
49612 368
49724 348
49836 319
49948 304
50060 284
50172 255
50288 231
50404 216
50516 192
50628 174
50740 152
50852 127
50964 120
51076 99
51188 88
51308 78
51420 63
51532 62
51644 56
51756 56
51868 49
51980 56
52092 60
52204 63
52324 71
52436 83
52548 96
52660 112
52772 127
52884 143
52996 159
53108 184
53220 206
53340 227
53452 252
53564 271
53676 295
53788 318
53900 335
54012 359
54128 384
54240 399
54356 415
54468 432
54580 448
54692 455
54808 472
54920 480
55032 483
55144 487
55256 494
55372 492
55488 487
55600 481
55712 476
55824 463
55936 451
56048 448
56160 423
56272 408
56392 387
56504 369
56616 352
56728 327
56840 312
56952 287
57064 255
57176 240
57288 220
57408 195
57520 176
57632 156
57744 135
57860 120
57972 103
58084 92
58196 79
58312 71
58424 63
58536 60
58648 56
58764 51
58876 56
58992 60
59104 63
59216 71
59328 79
59440 96
59552 103
59664 124
59784 142
59896 159
60008 184
60120 199
60232 224
60344 248
60456 255
60568 287
60680 312
60800 335
60912 353
61024 384
61136 391
61248 414
61360 432
61472 448
61584 455
61696 465
61816 480
61928 483
62040 487
62152 492
62264 492
62376 487
62488 481
62600 480
62712 467
62832 455
62944 448
63056 432
63168 414
63280 391
63392 384
63508 353
63620 335
63732 312
63848 287
63960 255
64072 248
64188 224
64300 199
64412 184
64524 159
64636 142
64748 126
64864 103
64980 96
65092 79
65204 71
65316 63
65428 60
65540 56
65652 51
65764 56
65884 56
65996 63
66108 71
66220 79
66332 92
66444 103
66556 120
66668 135
66780 156
66900 176
67012 195
67124 220
67236 240
67348 255
67460 287
67572 312
67684 327
67796 352
67916 376
68028 391
68140 412
68252 423
68364 448
68476 455
68588 463
68704 480
68816 481
68932 487
69044 492
69156 492
69268 487
69384 483
69496 480
69608 472
69720 455
69832 448
69948 432
70064 415
70176 398
70288 384
70400 359
70512 335
70624 316
70736 295
70848 271
70968 248
71080 224
71192 206
71304 184
71416 159
71528 143
71640 127
71752 112
71864 96
71984 81
72096 71
72208 63
72320 60
72432 56
72544 51
72656 56
72768 56
72880 63
72992 63
73112 78
73224 88
73336 99
73448 120
73560 127
73672 152
73784 174
73900 192
74012 216
74128 240
74240 255
74352 284
74464 304
74576 319
74688 348
74800 368
74912 385
75024 408
75144 423
75256 440
75368 451
75480 463
75592 476
75704 480
75820 487
75932 487
76044 494
76160 487
76272 483
76384 480
76500 472
76612 462
76724 448
76836 433
76948 415
77060 399
77176 384
77292 359
77404 344
77516 319
77628 295
77740 280
77852 255
77964 231
78076 207
78196 192
78308 167
78420 147
78532 127
78644 112
78756 97
78868 88
78980 71
79092 63
79212 60
79324 56
79436 56
79548 56
79660 56
79772 60
79884 63
79996 71
80108 88
80228 97
80340 113
80452 127
80564 152
80676 167
80788 192
80900 207
81016 231
81128 255
81244 280
81356 304
81468 319
81580 344
81696 368
81808 384
81920 399
82032 419
82144 440
82260 449
82376 463
82488 472
82600 480
82712 487
82824 492
82936 496
83048 487
83160 487
83280 480
83392 472
83504 463
83616 449
83728 440
83840 419
83952 403
84064 384
84176 368
84296 344
84408 319
84520 304
84632 280
84744 255
84856 231
84968 216
85080 192
85192 167
85312 152
85424 127
85536 115
85648 99
85760 88
85872 78
85984 63
86096 62
86212 56
86328 56
86440 51
86552 56
86664 60
86780 63
86892 71
87008 88
87120 97
87232 112
87348 127
87460 147
87572 167
87688 192
87800 207
87912 227
88024 254
88136 271
88248 295
88364 319
88480 344
88592 359
88704 384
88816 399
88928 415
89040 433
89152 448
89264 462
89384 472
89496 480
89608 483
89720 487
89832 496
89944 492
90056 487
90168 480
90280 476
90400 463
90512 451
90624 440
90736 423
90848 408
90960 387
91072 368
91184 352
91296 319
91416 304
91528 284
91640 255
91752 240
91864 216
91976 193
92088 174
92204 156
92316 127
92432 120
92544 103
92656 88
92768 79
92884 63
92996 63
93108 56
93220 56
93332 56
93444 56
93564 60
93676 63
93788 71
93900 81
94012 96
94124 112
94236 127
94348 143
94460 159
94580 184
94692 206
94804 225
94916 248
95028 271
95140 295
95252 318
95364 335
95476 359
95596 384
95708 399
95820 415
95932 432
96044 448
96156 455
96268 472
96380 480
96492 483
96612 487
96724 492
96836 492
96948 487
97060 481
97172 476
97284 463
97400 451
97512 440
97628 423
97740 408
97852 387
97964 369
98080 352
98192 327
98304 312
98416 286
98528 255
98644 240
98760 216
98872 195
98984 176
99096 156
99208 135
99320 120
99432 103
99544 92
99664 79
99776 71
99888 63
100000 56
100112 56
100224 49
100336 56
100448 60
100560 63
100680 71
100792 79
100904 96
101016 103
101128 124
101240 142
101352 159
101464 184
101576 199
101696 224
101808 248
101920 255
102032 287
102144 316
102256 335
102368 355
102480 384
102596 391
102712 415
102824 432
102936 448
103048 455
103160 472
103276 480
103388 483
103500 487
103612 492
103728 492
103840 487
103956 481
104068 480
104180 465
104292 455
104404 448
104516 428
104628 412
104748 391
104860 376
104972 352
105084 327
105196 312
105308 287
105420 255
105532 241
105644 224
105764 199
105876 176
105988 159
106100 135
106212 124
106324 103
106436 92
106548 79
106660 71
106780 63
106892 60
107004 56
107116 49
107228 56
107340 56
107452 63
107564 67
107676 79
107796 92
107908 103
108020 120
108132 135
108244 158
108356 176
108472 195
108584 220
108696 240
108812 255
108924 287
109036 312
109152 327
109264 352
109376 376
109488 391
109600 408
109712 423
109824 448
109940 455
110052 463
110164 480
110276 481
110388 487
110500 492
110612 492
110724 487
110836 483
110956 480
111068 472
111180 455
111292 448
111404 432
111516 415
111632 398
111744 384
111856 355
111972 335
112084 316
112196 287
112312 255
112424 248
112536 224
112648 199
112760 184
112872 159
112988 143
113104 126
113216 112
113328 96
113440 79
113552 71
113664 63
113776 60
113888 56
114008 51
114120 56
114232 56
114344 63
114456 63
114568 79
114680 92
114792 103
114904 120
115024 135
115136 156
115248 176
115360 195
115472 216
115584 240
115696 271
115808 295
115920 319
116032 335
116144 359
116256 384
116368 399
116480 415
116592 432
116712 448
116824 455
116936 472
117048 480
117160 483
117272 487
117384 494
117496 492
117608 487
117720 481
117840 476
117952 463
118064 451
118176 448
118288 423
118400 408
118516 391
118628 376
118740 352
118856 327
118968 312
119080 287
119196 255
119308 240
119420 220
119532 195
119644 176
119756 158
119872 135
119988 120
120100 103
120212 92
120324 79
120436 71
120548 63
120660 60
120772 56
120892 49
121004 56
121116 60
121228 63
121340 71
121452 79
121564 96
121676 103
121788 124
121908 143
122020 159
122132 184
122244 199
122356 224
122468 248
122580 255
122692 287
122804 312
122924 335
123036 355
123148 384
123260 391
123372 414
123484 432
123596 448
123712 455
123824 472
123940 480
124052 483
124164 487
124276 492
124392 492
124504 487
124616 481
124728 480
124840 465
124956 455
125072 448
125184 430
125296 412
125408 391
125520 384
125632 353
125744 334
125856 312
125976 287
126088 255
126200 248
126312 224
126424 199
126536 179
126648 159
126760 142
126872 124
126992 103
127104 96
127216 79
127328 71
127440 63
127552 60
127664 56
127776 51
127888 56
128008 56
128120 63
128232 67
128344 79
128456 92
128568 103
128680 120
128792 135
128908 156
129024 176
129136 195
129248 220
129360 240
129472 255
129588 287
129700 312
129812 327
129924 352
130040 376
130152 391
130264 408
130380 423
130492 448
130604 451
130716 463
130828 476
130940 481
131056 487
131172 492
131284 494
131396 487
131508 483
131620 480
131732 472
131844 455
131956 448
132076 432
132188 415
132300 398
132412 384
132524 359
132636 335
132748 318
132860 295
132972 271
133084 248
133204 225
133316 206
133428 184
133540 159
133652 143
133764 127
133876 112
133988 96
134100 83
134220 71
134332 63
134444 60
134556 56
134668 51
134780 56
134892 56
135004 62
135116 63
135236 78
135348 88
135460 99
135572 120
135684 127
135796 152
135908 167
136020 192
136136 216
136252 238
136364 255
136476 284
136588 304
136700 319
136816 348
136928 368
137040 385
137152 408
137268 423
137380 440
137496 451
137608 463
137720 476
137832 481
137944 487
138056 492
138168 496
138288 487
138400 487
138512 480
138624 472
138736 462
138848 448
138960 435
139072 415
139184 399
139304 384
139416 359
139528 344
139640 319
139752 295
139864 280
139976 255
140088 231
140200 207
140320 192
140432 167
140544 152
140656 127
140768 113
140880 97
140992 88
141104 76
141216 63
141336 60
141448 56
141560 56
141672 56
141784 56
141896 60
142012 63
142124 71
142236 88
142352 97
142464 112
142576 127
142692 152
142804 167
142916 192
143028 207
143140 231
143252 254
143368 280
143484 302
143596 319
143708 344
143820 364
143932 384
144044 399
144156 415
144268 433
144388 449
144500 462
144612 472
144724 480
144836 483
144948 487
145064 494
145176 487
145288 487
145404 480
145516 472
145628 463
145744 451
145856 440
145968 423
146080 408
146192 387
146304 368
146420 348
146536 319
146648 304
146760 284
146872 255
146984 240
147096 216
147208 193
147320 176
147440 152
147552 127
147664 120
147776 103
147888 88
148000 79
148112 63
148224 63
148336 56
148456 56
148568 51
148680 56
148792 60
148904 63
149016 71
149128 81
149240 96
149352 112
149472 126
149584 143
149696 159
149808 184
149920 199
150032 224
150144 248
150260 255
150372 287
150488 316
150600 335
150712 355
150824 384
150940 398
151052 415
151164 432
151276 448
151388 455
151504 472
151620 480
151732 483
151844 487
151956 494
152068 492
152180 487
152292 481
152404 480
152516 463
152632 455
152744 448
152856 428
152968 412
153080 391
153192 384
153304 352
153416 334
153528 312
153648 287
153760 255
153872 241
153984 224
154096 199
154208 177
154320 159
154432 142
154548 124
154664 103
154776 92
154888 79
155000 71
155112 63
155224 60
155340 56
155452 49
155564 56
155680 60
155792 63
155904 71
156020 79
156132 92
156244 103
156356 120
156468 135
156580 158
156696 176
156812 199
156924 224
157036 241
157148 255
157260 287
157372 312
157484 327
157596 352
157716 384
157828 391
157940 412
158052 428
158164 448
158276 455
158388 463
158500 480
158612 481
158732 487
158844 492
158956 494
159068 487
159180 483
159292 480
159404 472
159516 455
159628 448
159748 432
159860 415
159972 396
160084 384
160196 355
160308 335
160420 316
160536 291
160648 271
160764 248
160876 224
160988 199
161100 184
161216 159
161328 143
161440 127
161552 112
161664 96
161780 81
161896 71
162008 63
162120 60
162232 56
162344 51
162456 56
162568 56
162680 62
162800 63
162912 79
163024 92
163136 103
163248 120
163360 127
163472 152
163584 176
163696 192
163816 216
163928 240
164040 255
164152 286
164264 305
164376 327
164488 352
164600 368
164712 387
164832 408
164944 423
165056 440
165168 451
165280 463
165392 476
165504 480
165616 487
165732 487
165848 492
165960 487
166072 483
166184 480
166296 472
166412 455
166524 448
166636 432
166748 415
166864 399
166976 384
167092 359
167204 339
167316 319
167428 295
167540 271
167652 252
167764 227
167876 207
167992 192
168104 167
168216 145
168328 127
168440 112
168552 97
168664 88
168776 71
168888 63
169008 60
169120 56
169232 56
169344 56
169456 56
169568 60
169680 63
169792 71
169904 88
170024 99
170136 113
170248 127
170360 152
170472 167
170584 192
170696 209
170812 231
170924 255
171040 280
171152 304
171264 319
171376 344
171492 368
171604 384
171716 408
171828 419
171940 440
172056 449
172172 463
172284 472
172396 480
172508 487
172620 487
172732 496
172844 492
172956 487
173076 480
173188 472
173300 463
173412 449
173528 440
173640 419
173752 399
173864 384
173980 368
174092 344
174204 319
174320 304
174432 280
174544 255
174656 231
174768 211
174880 192
174992 167
175104 152
175216 127
175336 113
175448 99
175560 88
175672 78
175784 63
175896 62
176008 56
176120 56
176232 51
176352 56
176464 60
176576 63
176688 71
176800 88
176912 96
177024 112
177140 127
177252 143
177368 163
177480 192
177592 207
177704 227
177820 254
177932 271
178044 295
178156 319
178268 344
178384 359
178500 384
178612 399
178724 415
178836 433
178948 448
179060 462
179172 472
179284 480
179404 483
179516 487
179628 496
179740 487
179852 487
179964 480
180076 476
180188 463
180300 451
180420 440
180532 423
180644 408
180756 385
180868 368
180980 348
181092 319
181204 304
181316 284
181436 255
181548 238
181660 216
181772 192
181884 174
181996 152
182108 127
182220 120
182336 103
182452 88
182564 78
182676 63
182788 62
182900 56
183016 56
183128 51
183240 56
183352 60
183468 63
183580 71
183696 81
183808 96
183920 112
184032 127
184144 143
184256 159
184368 184
184488 206
184600 225
184712 248
184824 271
184936 295
185048 318
185160 335
185272 359
185384 384
185504 399
185616 415
185728 432
185840 448
185952 460
186064 472
186176 480
186288 483
186400 487
186520 496
186632 492
186744 487
186856 481
186968 480
187080 463
187192 455
187304 448
187416 423
187536 408
187648 391
187760 369
187872 352
187984 327
188096 312
188212 287
188324 255
188436 240
188552 220
188664 195
188776 176
188892 156
189004 135
189116 120
189228 103
189340 92
189452 79
189564 71
189680 63
189792 56
189904 56
190016 51
190128 56
190240 60
190352 63
190464 71
190576 79
190696 96
190808 103
190920 124
191032 142
191144 159
191256 184
191372 199
191484 224
191596 248
191712 255
191824 287
191936 316
192052 335
192164 355
192276 384
192388 391
192500 414
192612 432
192728 448
192844 455
192956 472
193068 480
193180 483
193292 487
193404 492
193516 492
193628 487
193748 481
193860 480
193972 463
194084 455
194196 448
194308 428
194420 412
194532 391
194644 384
194764 352
194876 334
194988 312
195100 287
195212 255
195324 248
195436 224
195548 199
195660 179
195780 159
195892 135
196004 124
196116 103
196228 96
196340 79
196452 71
196564 63
196680 60
196796 56
196908 49
197020 56
197132 56
197244 63
197360 71
197472 79
197584 92
197696 103
197812 120
197924 135
198040 158
198152 176
198264 199
198376 224
198488 241
198600 255
198712 287
198832 312
198944 327
199056 352
199168 376
199280 391
199392 412
199504 428
199616 448
199728 455
199848 465
199960 480
200072 483
200184 487
200296 492
200408 494
200520 487
200632 483
200744 480
200864 472
200976 455
201088 448
201200 432
201312 414
201424 391
201536 384
201648 355
201760 335
201880 312
201992 287
202104 255
202216 248
202328 224
202444 199
202560 184
202672 159
202784 143
202896 126
203008 112
203124 96
203240 79
203352 71
203464 63
203576 60
203688 56
203800 51
203912 56
204024 56
204144 63
204256 67
204368 79
204480 92
204592 103
204704 120
204816 135
204928 156
205040 176
205160 195
205272 220
205384 240
205496 255
205608 286
205720 307
205832 327
205944 352
206056 369
206176 391
206288 408
206400 423
206512 448
206624 451
206736 463
206848 476
206960 481
207076 487
207192 492
207304 494
207416 487
207528 483
207640 480
207756 472
207868 455
207980 448
208092 432
208208 415
208320 399
208436 384
208548 359
208660 335
208772 318
208884 295
208996 271
209108 252
209228 225
209340 207
209452 184
209564 163
209676 143
209788 127
209900 112
210012 97
210124 88
210236 71
210356 63
210468 60
210580 56
210692 56
210804 56
210916 56
211028 62
211140 63
211252 78
211372 88
211484 99
211596 120
211708 127
211820 152
211932 167
212044 192
212156 216
212272 231
212388 255
212500 284
212612 304
212724 319
212836 348
212952 368
213064 385
213176 408
213288 423
213404 440
213516 451
213632 463
213744 472
213856 480
213968 487
214080 492
214192 496
214304 487
214424 487
214536 480
214648 472
214760 462
214872 449
214984 440
215096 415
215208 399
215320 384
215440 364
215552 344
215664 319
215776 302
215888 280
216000 255
216112 231
216224 209
216336 192
216456 167
216568 152
216680 127
216792 113
216904 99
217016 88
217128 78
217240 63
217352 62
217472 56
217584 56
217696 56
217808 56
217920 60
218032 63
218148 71
218260 88
218372 97
218488 112
218600 127
218712 152
218828 167
218940 192
219052 207
219164 231
219276 254
219388 275
219504 295
219620 319
219732 344
219844 359
219956 384
220068 399
220180 415
220292 433
220404 448
220524 462
220636 472
220748 480
220860 487
220972 487
221084 496
221196 487
221308 487
221420 480
221540 472
221652 463
221764 449
221876 440
221988 423
222100 408
222212 385
222324 368
222436 348
222556 319
222668 304
222780 280
222892 255
223004 231
223116 216
223228 192
223344 174
223456 152
223572 127
223684 120
223796 99
223908 88
224024 78
224136 63
224248 63
224360 56
224472 56
224588 51
224704 56
224816 60
224928 63
225040 71
225152 83
225264 96
225376 112
225488 127
225600 143
225720 163
225832 184
225944 207
226056 225
226168 252
226280 271
226392 295
226504 318
226616 335
226736 359
226848 384
226960 399
227072 415
227184 432
227296 448
227408 460
227520 472
227632 480
227752 483
227864 487
227976 496
228088 492
228200 487
228312 481
228424 476
228536 463
228652 451
228768 440
228880 423
228992 408
229104 387
229216 369
229332 352
229444 327
229556 312
229668 287
229784 255
229896 240
230012 220
230124 195
230236 176
230348 156
230460 135
230572 120
230684 103
230804 92
230916 79
231028 67
231140 63
231252 56