4 94
216 99
436 103
648 113
860 124
1072 127
1284 142
1504 152
1716 159
1928 167
2140 176
2352 184
2572 184
2784 184
2996 177
3208 176
3428 167
3640 159
3852 156
4064 145
4276 135
4496 127
4708 120
4920 112
5132 103
5344 96
5564 88
5776 79
5988 79
6200 79
6412 88
6632 88
6844 96
7056 99
7268 108
7484 120
7700 126
7912 127
8124 143
8336 152
8552 159
8764 167
8980 176
9192 184
9404 184
9620 184
9832 176
10044 174
10260 167
10472 159
10688 156
10900 143
11112 135
11324 127
11540 120
11756 112
11968 99
12180 92
12392 88
12612 79
12824 79
13036 79
13248 88
13460 92
13680 96
13892 103
14104 110
14316 120
14528 126
14748 135
14960 143
15172 152
15384 159
15596 167
15816 177
16028 184
16240 184
16452 179
16664 176
16884 172
17096 163
17308 159
17520 152
17740 143
17952 135
18164 127
18376 120
18588 110
18808 99
19020 92
19232 83
19444 79
19656 79
19876 81
20088 88
20300 92
20512 96
20724 103
20940 112
21156 120
21368 127
21580 135
21792 143
22008 156
22224 163
22436 174
22648 177
22864 184
23076 184
23288 179
23504 176
23716 167
23932 163
24144 159
24356 152
24568 143
24784 127
25000 126
25212 120
25424 103
25636 97
25848 88
26068 81
26280 79
26492 79
26704 79
26916 88
27136 92
27348 97
27560 103
27772 112
27992 120
28204 127
28416 135
28628 143
28840 156
29060 163
29272 176
29484 177
29696 184
29908 184
30128 179
30340 176
30552 167
30764 163
30976 158
31196 152
31408 142
31620 127
31832 124
32044 113
32264 103
32476 96
32688 88
32900 79
33120 79
33332 79
33544 83
33756 88
33968 94
34184 97
34400 103
34612 112
34824 120
35036 127
35252 135
35468 147
35680 158
35892 163
36104 176
36320 179
36532 184
36748 184
36960 177
37172 176
37388 167
37600 159
37812 158
38028 152
38244 142
38456 127
38668 124
38880 113
39092 103
39312 96
39524 88
39736 79
39948 79
40160 79
40380 83
40592 88
40804 96
41016 99
41228 103
41448 113
41660 124
41872 127
42084 140
42304 152
42516 159
42728 167
42940 176
43152 184
43372 184
43584 184
43796 177
44008 176
44220 167
44440 159
44652 156
44864 147
45076 135
45288 127
45508 120
45720 112
45932 103
46144 96
46356 88
46576 79
46788 79
47000 79
47212 83
47428 88
47644 96
47856 99
48068 108
48280 115
48496 124
48708 127
48924 142
49136 152
49348 159
49564 167
49776 176
49988 184
50204 184
50416 184
50632 177
50844 176
51056 167
51268 159
51484 156
51700 143
51912 135
52124 127
52336 120
52556 112
52768 99
52980 92
53192 88
53404 79
53624 79
53836 79
54048 88
54260 88
54472 96
