20 496
132 472
244 448
356 415
472 391
584 368
696 344
808 318
924 287
1036 255
1152 240
1264 216
1376 192
1488 159
1600 135
1712 112
1824 88
1944 63
2056 39
2168 63
2280 92
2392 113
2504 135
2616 163
2728 192
2840 216
2960 241
3072 255
3184 291
3296 319
3408 344
3520 369
3632 398
3744 419
3856 448
3976 472
4088 496
4200 480
4312 455
4424 432
4536 408
4648 384
4760 353
4872 327
4992 304
5104 280
5216 252
5328 224
5440 199
5552 176
5668 152
5780 126
5892 99
6008 71
6120 49
6232 56
6348 79
6460 103
6572 127
6684 152
6796 176
6908 199
7024 231
7140 255
7252 280
7364 305
7476 327
7588 355
7700 384
7812 408
7924 432
8044 455
8156 483
8268 492
8380 463
8492 448
8604 415
8716 391
8828 368
8940 344
9060 316
9172 287
9284 255
9396 240
9508 211
9620 192
9732 159
9844 135
9956 112
10076 88
10188 63
10300 39
10412 63
10524 92
10636 115
10748 142
10864 163
10976 192
11092 220
11204 248
11316 255
11428 295
11544 319
11656 348
11768 376
11880 398
11992 419
12108 448
12224 472
12336 496
12448 480
12560 455
12672 432
12784 408
12896 384
13008 353
13128 319
13240 304
13352 280
13464 252
13576 224
13688 199
13800 176
13912 152
14024 124
14136 96
14256 71
14368 48
14480 56
14592 79
14704 103
14816 127
14928 152
15040 177
15152 199
15272 231
15384 255
15496 284
15608 312
15720 334
15832 359
15944 384
16056 412
16168 433
16288 462
16400 483
16512 487
16624 463
16736 448
16848 415
16960 391
17072 368
17188 344
17304 316
17416 287
17528 255
17640 240
17752 211
17864 192
17980 159
18092 127
18204 112
18320 88
18432 62
18544 39
18660 63
18772 94
18884 120
18996 142
19108 167
19220 192
19336 220
19452 248
19564 255
19676 295
19788 319
19900 348
20012 376
20124 398
20236 419
20356 448
20468 472
20580 496
20692 480
20804 451
20916 432
21028 408
21140 384
21252 352
21372 319
21484 304
21596 275
21708 252
21820 224
21932 199
22044 176
22156 152
22268 124
22388 96
22500 71
22612 48
22724 56
22836 79
22948 103
23060 127
23176 156
23288 177
23404 206
23516 231
23628 255
23740 284
23852 312
23968 335
24080 359
24192 384
24304 412
24420 440
24532 462
24648 483
24760 487
24872 463
24984 448
25096 415
25208 391
25320 368
25440 335
25552 312
25664 287
25776 255
25888 238
26000 207
26112 188
26224 159
26336 127
26456 112
26568 88
26680 62
26792 39
26904 63
27016 94
27128 120
27240 143
27352 167
27472 192
27584 220
27696 248
27808 15
27920 295
28032 319
28144 348
28256 376
28368 399
28488 423
28600 448
28712 476
28824 497
28940 480
29052 451
29172 423
29284 399
29396 384
29508 352
29620 319
29732 300
29844 271
29956 248
30068 224
30188 195
30300 167
30412 143
30524 120
30636 96
30748 71
30860 48
30972 56
31084 79
31204 103
31316 127
31428 158
31540 184
31652 207
31764 231
31880 255
31992 286
32104 312
32220 335
32332 359
32444 387
32560 414
32672 440
32784 463
32896 487
33008 487
33120 463
33236 440
33352 415
33464 387
33576 359
33688 335
33800 312
33912 287
34024 255
34136 231
34256 207
34368 184
34480 158
34592 127
34704 110
34816 83
34928 60
35040 46
35152 63
35272 96
35384 120
35496 143
35608 167
35720 193
35832 224
35944 248
36056 271
36168 295
36288 319
36400 352
36512 384
36624 399
36736 423
36848 449
36960 480
37076 497
37188 480
37304 449
37416 423
37528 399
37640 384
37756 352
37868 319
37980 295
38092 271
38204 248
38320 224
38436 193
38548 167
38660 143
38772 120
38884 96
38996 71
39108 48
39220 56
39340 81
39452 103
39564 127
39676 158
39788 184
39900 207
40012 231
40124 255
40236 286
40348 312
40468 335
40580 359
40692 387
40804 414
40916 440
41028 463
41140 487
41252 487
41364 463
41484 440
41596 414
41708 387
41820 359
41932 335
42044 312
42156 287
42268 255
42380 231
42500 207
42612 184
42724 158
42836 127
42948 103
43060 81
43172 60
43284 46
43400 63
43516 96
43628 120
43740 143
43852 167
43964 195
44076 224
44192 248
44304 271
44416 295
44532 319
44644 352
44756 384
44872 399
44984 423
45096 449
45208 480
45320 504
45432 480
45548 449
45664 423
45776 399
45888 384
46000 352
46112 319
46224 295
46336 271
46448 248
46568 224
46680 193
46792 167
46904 143
47016 120
47128 96
47240 71
47352 48
47464 60
47584 81
47696 110
47808 127
47920 158
48032 184
48144 207
48256 231
48368 255
48480 286
48600 312
48712 335
48824 364
48936 387
49048 415
49160 440
49272 463
49388 487
49500 487
49616 463
49728 440
49840 414
49952 387
50068 359
50180 335
50292 312
50404 287
50516 255
50632 231
50748 207
50860 184
50972 158
51084 127
51196 103
51308 81
51420 60
51532 48
51652 71
51764 96
51876 120
51988 143
52100 167
52212 195
52324 224
52436 248
52548 271
52668 302
52780 319
52892 352
53004 384
53116 399
53228 423
53340 449
53452 480
53564 497
53684 476
53796 448
53908 423
54020 399
54132 384
54244 352
54356 319
54468 295
54584 271
54700 248
54812 224
54924 193
55036 167
55148 143
55264 120
55376 96
55488 71
55600 48
55716 60
55828 83
55944 103
56056 127
56168 159
56280 184
56392 207
56504 231
56616 255
56728 287
56844 312
56956 335
57068 364
57180 387
57292 415
57404 440
57516 463
57628 487
57740 487
57860 463
57972 440
58084 415
58196 387
58308 359
58420 335
58532 312
58644 287
58760 255
58872 231
58988 207
59100 184
59212 158
59324 127
59440 103
59552 81
59664 60
59776 48
59888 67
60004 96
60116 120
60228 143
60340 167
60452 193
60564 224
60676 248
60788 271
60900 295
61020 319
61132 352
61244 384
61356 399
61468 423
61580 449
61692 476
61804 499
61920 480
62036 449
62148 423
62260 399
62372 384
62484 352
62596 319
62712 295
62824 271
62936 248
63052 224
63164 195
63276 167
63392 143
63504 120
63616 96
63728 71
63840 48
63952 56
64068 79
64184 103
64296 127
64408 158
64520 184
64632 207
64744 231
64856 255
64968 286
65088 312
65200 335
65312 359
65424 387
65536 415
65648 440
65760 463
65872 487
65984 487
66104 463
66216 440
66328 415
66440 387
66552 359
66664 335
66776 312
66888 287
67000 255
67120 231
67232 207
67344 184
67456 158
67568 127
67680 103
67792 81
67904 60
68020 48
68136 71
68248 96
68360 120
68472 143
68584 167
68700 193
68812 224
68924 248
69036 271
69152 295
69264 319
69380 352
69492 384
69604 399
69716 423
69828 449
69940 480
70052 504
70172 476
70284 448
70396 423
70508 399
70620 384
70732 352
70844 319
70956 295
71068 271
71188 248
71300 224
71412 193
71524 167
71636 143
71748 120
71860 96
71972 71
72084 48
72204 60
72316 83
72428 110
72540 127
72652 159
72764 184
72876 207
72988 231
73100 255
73220 287
73332 312
73444 335
73556 364
73668 387
73780 415
73896 440
74008 463
74120 487
74236 487
74348 463
74460 440
74576 414
74688 385
74800 359
74912 335
75024 312
75136 286
75248 255
75364 231
75476 207
75588 184
75700 158
75812 127
75924 103
76036 81
76148 60
76260 48
76380 71
76492 96
76604 120
76716 143
76828 167
76940 193
77056 224
77168 248
77280 271
77396 295
77508 319
77620 352
77736 384
77848 399
77960 423
78072 449
78184 480
78296 504
78412 476
78528 448
78640 423
78752 399
78864 384
78976 352
79088 319
79200 295
79312 271
79432 248
79544 224
79656 193
79768 167
79880 143
79992 120
80104 96
80216 71
80328 48
80448 60
80560 83
80672 110
80784 127
80896 159
81008 184
81120 207
81232 231
81344 255
81464 287
81576 312
81688 335
81800 364
81912 387
82024 415
82136 440
82252 463
82364 487
82480 483
82592 462
82704 440
82816 412
82932 385
83044 359
83156 335
83268 312
83380 286
83496 255
83612 231
83724 207
83836 184
83948 158
84060 127
84172 103
84284 79
84396 60
84516 48
84628 71
84740 96
84852 120
84964 143
85076 167
85188 195
85300 224
85412 248
85532 271
85644 304
85756 319
85868 352
85980 384
86092 399
86204 423
86316 451
86428 480
86548 497
86660 476
86780 448
86892 423
87004 398
87116 376
87228 348
87340 319
87460 291
87572 255
87684 241
87796 216
87908 192
88020 163
88132 142
88244 115
88356 92
88476 63
88588 39
88700 63
88812 88
88924 112
89036 127
89148 159
89260 192
89372 211
89484 240
89604 255
89716 287
89828 318
89940 344
90052 368
90164 391
90280 415
90392 448
90504 465
90620 492
90732 481
90844 455
90956 433
91068 408
91180 384
91292 359
91404 334
91516 312
91636 280
91748 255
91860 227
91972 206
92084 177
92196 152
92308 127
92420 103
92532 79
92652 56
92764 51
92876 71
92988 97
93100 126
93212 152
93324 176
93440 199
93552 224
93668 254
93780 280
93892 304
94004 327
94120 353
94232 384
94344 408
94456 432
94568 455
94684 480
94800 496
94912 472
95024 448
95136 419
95248 391
95360 369
95472 344
95584 319
95704 287
95816 255
95928 240
96040 216
96152 192
96264 163
96376 135
96488 113
96600 92
96720 63
96832 39
96944 63
97056 88
97168 112
97280 135
97392 159
97504 192
97616 216
97736 240
97848 255
97960 287
98072 318
98184 344
98296 368
98408 391
98520 415
98636 448
98752 472
98864 496
98976 481
99088 455
99200 433
99316 412
99428 384
99540 359
99652 334
99768 305
99880 280
99996 255
100108 227
100220 199
100332 177
100444 156
100556 127
100668 103
100788 78
100900 56
101012 49
101124 71
101236 99
101348 126
101460 152
101572 176
101684 199
101804 225
101916 254
102028 280
102140 304
102252 327
102364 353
102476 384
102588 408
102700 432
102820 455
102932 480
103044 496
103156 472
103268 448
103380 419
103492 391
103604 369
103716 348
103836 319
103948 287
104060 255
104172 240
104284 216
104396 192
104512 163
104624 135
104736 113
104852 88
104964 63
105076 39
105192 63
105304 88
105416 112
105528 135
105640 159
105752 192
105864 216
105980 240
106092 255
106204 287
106316 318
106428 344
106540 368
106652 391
106764 415
106876 448
106996 472
107108 496
107220 481
107332 455
107444 433
107556 408
107672 384
107784 355
107896 334
108012 305
108124 280
108236 255
108352 227
108464 199
108576 177
108688 152
108800 127
108912 103
109028 78
109144 56
109256 49
109368 71
109480 99
109592 126
109704 152
109816 176
109928 199
110048 225
110160 254
110272 280
110384 304
110496 327
110608 353
110720 384
110832 408
110944 432
111064 455
111176 480
111288 496
111400 472
111512 448
111624 419
111736 391
111848 369
111960 344
112080 319
112192 287
112304 255
112416 240
112528 216
112640 192
112752 163
112868 135
112980 113
113096 88
113208 63
113320 39
113432 63
113548 88
113660 112
113772 135
113884 159
113996 192
114112 216
114228 240
114340 255
114452 287
114564 319
114676 344
114788 368
114900 391
115012 415
115132 448
115244 472
115356 496
115468 480
115580 455
115692 432
115804 408
115916 384
116028 355
116140 327
116252 304
116364 280
116476 255
116596 225
116708 199
116820 176
116932 152
117044 127
117156 99
117268 78
117380 56
117492 49
117612 71
117724 99
117836 126
117948 152
118060 176
118172 199
118284 225
118396 252
118512 280
118628 304
118740 327
118852 353
118964 384
119076 408
119192 432
119304 455
119416 480
119528 496
119644 467
119756 448
119872 415
119984 391
120096 368
120208 344
120320 318
120432 287
120544 255
120664 240
120776 216
120888 192
121000 159
121112 135
121224 113
121336 92
121448 63
121560 39
121680 63
121792 88
121904 112
122016 135
122128 159
122240 192
122352 216
122464 240
122576 255
122696 287
122808 319
122920 344
123032 368
123144 391
123256 415
123368 448
123480 472
123592 496
123712 480
123824 455
123936 432
124048 408
124160 384
124272 355
124388 327
124500 304
124612 280
124728 254
124840 225
124952 199
125068 176
125180 152
125292 127
125404 99
125516 78
125628 56
125744 56
125860 78
125972 99
126084 127
126196 152
126308 176
126420 199
126532 227
126644 254
126764 280
126876 305
126988 334
127100 355
127212 384
127324 408
127436 432
127548 455
127660 480
127780 496
127892 472
128004 448
128116 415
128228 391
128340 368
128452 344
128564 319
128676 287
128796 255
128908 240
129020 216
129132 192
129244 159
129356 135
129468 113
129580 88
129696 63
129808 39
129924 63
130036 88
130148 113
130260 135
130376 163
130488 192
130600 216
130712 240
130824 255
130940 291
131056 319
131168 344
131280 369
131392 391
131504 419
131616 448
131728 472
131840 496
131960 480
132072 455
132184 432
132296 408
132408 384
132520 355
132632 327
132744 304
132856 280
132976 254
133088 225
133200 199
133312 176
133424 152
133536 126
133648 99
133760 78
133872 56
133992 56
134104 79
134216 103
134328 127
134440 152
134552 176
134664 199
134776 227
134892 255
135008 280
135120 307
135232 334
135344 355
135456 384
135572 408
135684 432
135796 455
135908 481
136024 492
136136 467
136252 448
136364 415
136476 391
136588 368
136700 344
136812 318
136924 287
137044 255
137156 240
137268 216
137380 192
137492 159
137604 135
137716 112
137828 88
137940 63
138060 39
138172 63
138284 92
138396 113
138508 135
138620 163
138732 192
138844 216
138956 240
139076 255
139188 295
139300 319
139412 344
139524 376
139636 396
139748 419
139860 448
139972 472
140092 496
140204 480
140316 455
140428 432
140540 408
140652 384
140768 353
140880 327
140992 304
141108 280
141220 252
141332 225
141448 199
141560 176
141672 152
141784 126
141896 99
142008 71
142124 49
142240 56
142352 79
142464 103
142576 127
142688 152
142800 177
142912 199
143024 227
143144 255
143256 284
143368 305
143480 334
143592 359
143704 384
143816 408
143928 432
144040 455
144160 483
144272 492
144384 465
144496 448
144616 415
144728 391
144840 368
144952 344
145072 312
145184 287
145296 255
145408 240
145520 207
145632 184
145744 159
145856 127
145968 112
146088 83
146200 62
146312 44
146424 63
146536 94
146648 120
146760 143
146872 167
146988 192
147104 220
147216 248
147328 255
147440 295
147552 319
147668 348
147780 376
147892 398
148004 423
148120 448
148232 472
148348 496
148460 480
148572 451
148684 430
148796 403
148908 384
149020 352
149140 319
149252 302
149364 271
149476 248
149588 224
149700 199
149812 176
149924 147
150036 124
150156 96
150268 71
150380 48
150492 56
150604 79
150716 103
150828 127
150940 156
151052 179
151172 207
151284 231
151396 255
151508 284
151620 312
151732 335
151844 359
151956 385
152068 412
152188 440
152300 463
152412 487
152524 487
152636 463
152748 448
152864 415
152976 387
153088 368
153204 335
153316 312
153428 287
153544 255
153656 231
153768 207
153880 184
153992 159
154104 127
154220 108
154336 83
154448 60
154560 46
154672 63
154784 96
154896 120
155008 143
155120 167
155240 193
155352 224
155464 248
155576 271
155688 295
155800 319
155912 352
156024 376
156136 399
156256 423
156368 449
156480 476
156592 497
156704 480
156816 451
156928 428
157040 399
157152 384
157264 352
157384 319
157496 295
157608 271
157720 248
157832 224
157944 195
158060 174
158172 145
158284 124
158400 96
158512 71
158624 48
158736 56
158848 79
158960 103
159072 127
159184 156
159296 184
159416 207
159528 231
159640 255
159752 286
159864 312
159976 335
160088 359
160200 385
160312 412
160432 440
160544 463
160656 487
160768 487
160880 463
160992 448
161104 415
161220 391
161332 368
161448 335
161560 312
161672 287
161784 255
161900 231
162012 207
162124 184
162236 159
162348 127
162464 108
162580 83
162692 60
162804 46
162916 63
163028 96
163140 120
163252 143
163364 167
163484 193
163596 224
163708 248
163820 271
163932 295
164044 319
164156 352
164268 384
164380 399
164500 423
164612 449
164724 476
164836 497
164948 480
165060 451
165172 423
165284 399
165396 384
165516 352
165628 319
165740 295
165852 271
165964 248
166076 224
166188 195
166300 167
166416 143
166532 120
166644 96
166756 71
166868 48
166980 56
167092 79
167208 103
167320 127
167432 156
167548 184
167660 207
167772 231
167888 255
168000 286
168112 312
168224 335
168336 359
168448 385
168564 414
168680 440
168792 463
168904 487
169016 487
169128 463
169240 440
169352 415
169464 387
169584 359
169696 335
169808 312
169920 287
170032 255
170144 231
170256 207
170368 184
170480 159
170600 127
170712 103
170824 81
170936 60
171048 46
171160 63
171272 96
171384 120
171496 143
171616 167
171728 193
171840 224
171952 248
172064 271
172176 295
172288 319
172404 352
172516 384
172632 399
172744 423
172856 449
172968 480
173084 504
173196 480
173308 449
173420 423
173540 399
173652 384
173764 352
173876 319
173988 302
174100 271
174212 248
174332 224
174444 195
174556 167
174668 143
174780 120
174892 96
175004 71
175120 48
175232 56
175348 79
175460 103
175572 127
175684 156
175800 184
175912 207
176024 231
176136 255
176248 284
176364 312
176480 335
176592 359
176704 385
176816 412
176928 440
177040 462
177152 483
177264 487
177384 463
177496 440
177608 415
177720 387
177832 364
177944 335
178056 312
178168 287
178280 255
178400 231
178512 207
178624 184
178736 159
178848 127
178960 112
179072 88
179184 62
179296 46
179416 63
179528 96
179640 120
179752 143
179864 167
179976 193
180088 224
180200 248
180312 255
180432 295
180544 319
180656 352
180768 384
180880 399
180992 423
181108 448
181220 476
181332 497
181448 480
181560 451
181672 428
181788 399
181900 384
182012 352
182124 319
182236 302
182348 271
182460 248
182576 224
182688 195
182800 167
182912 143
183024 124
183136 96
183248 71
183360 48
183472 56
183592 79
183704 103
183816 127
183928 156
184040 184
184152 207
184268 231
184380 255
184492 284
184608 312
184720 335
184832 359
184948 385
185060 412
185172 440
185284 462
185396 483
185508 487
185624 463
185740 440
185852 415
185964 387
186076 364
186188 335
186300 316
186412 287
186524 255
186644 231
186756 207
186868 184
186980 159
187092 127
187204 110
187316 88
187428 60
187540 39
187660 67
187772 96
187884 120
187996 143
188108 167
188220 193
188332 224
188444 248
188556 271
188676 295
188788 319
188900 352
189012 384
189124 399
189236 423
189348 448
189464 476
189576 497
189692 480
189804 451
189916 423
190028 399
190144 384
190256 352
190368 319
190480 302
190592 271
190708 248
190824 224
190936 195
191048 167
191160 143
191272 120
191384 96
191496 71
191608 48
191728 56
191840 79
191952 103
192064 127
192176 158
192288 184
192400 207
192512 231
192624 255
192744 286
192856 312
192968 335
193080 359
193192 387
193304 414
193416 440
193528 462
193640 487
193760 487
193872 463
193984 440
194096 415
194208 387
194320 359
194432 335
194544 312
194660 287
194776 255
194888 231
195000 207
195112 184
195224 159
195340 127
195452 108
195564 83
195676 60
195792 48
195904 71
196020 96
196132 120
196244 143
196356 167
196468 193
196580 224
196692 248
196812 271
196924 295
197036 319
197148 352
197260 384
197372 399
197484 423
197596 449
197708 476
197820 497
197940 476
198052 449
198164 423
198276 399
198388 384
198500 352
198612 319
198724 295
198836 271
198956 248
199068 224
199180 193
199292 167
199404 143
199516 120
199628 96
199740 71
199856 48
199972 60
200084 79
200196 103
200308 127
200420 158
200536 184
200648 207
200760 231
200872 255
200988 287
201100 312
201216 335
201328 359
201440 387
201552 414
201664 440
201776 463
201888 487
202008 487
202120 463
202232 440
202344 414
202452 387
202564 359
202676 335
202788 312
202900 287
203012 255
203124 231
203236 207
203356 184
203468 159
203580 127
203692 110
203804 83
203916 60
204028 46
204144 63
204256 96
204372 120
204484 143
204596 167
204708 193
204824 224
204936 248
205048 271
205160 295
205272 319
205388 352
205504 384
205616 399
205728 423
205840 449
205952 476
206064 497
206176 480
206288 451
206408 423
206520 399
206632 384
206744 352
206856 319
206968 295
207080 271
207192 248
207304 224
207424 195
207536 167
207648 143
207760 120
207872 96
207984 71
208096 48
208208 56
208320 79
208440 103
208552 127
208664 158
208776 184
208888 207
209000 231
209112 255
209224 286
209340 312
209456 335
209568 359
209680 387
209792 414
209904 440
210020 463
210132 487
210244 487
210356 463
210472 440
210584 412
210700 385
210812 359
210924 335
211036 312
211148 287
211260 255
211372 231
211492 207
211604 184
211716 158
211828 127
211940 103
212052 79
212164 60
212276 48
212388 67
212508 96
212620 120
212732 143
212844 167
212956 195
213068 224
213180 248
213292 271
213404 295
213524 319
213636 352
213748 384
213860 399
213972 423
214084 449
214196 480
214308 504
214420 480
214536 449
214652 423
214764 399
214876 384
214988 352
215100 319
215216 295
215328 271
215440 248
215552 224
215668 193
215780 167
215896 143
216008 120
216120 96
216232 71
216344 48
216456 60
216568 79
216688 108
216800 127
216912 159
217024 184
217136 207
217248 231
217360 255
217472 287
217584 312
217704 335
217816 359
217928 387
218040 415
218152 440
218264 463
218376 487
218488 487
218600 463
218720 440
218832 414
218944 387
219056 359
219168 335
219280 312
219392 286
219504 255
219616 231
219736 207
219848 184
219960 158
220072 127
220184 103
220296 79
220412 60
220524 48
220636 67
220752 96
220864 120
220976 143
221092 167
221204 195
221316 224
221428 248
221540 271
221652 295
221768 319
221884 352
221996 384
222108 399
222220 423
222332 451
222444 480
222556 497
222668 476
222788 448
222900 423
223012 399
223124 384
223236 352
223348 319
223460 295
223572 271
223684 248
223804 220
223916 192
224028 167
224140 143
224252 120
224364 96
224476 67
224588 48
224700 60
224820 83
224932 110
225044 127
225156 159
225268 184
225380 207
225492 231
225608 255
225720 287
225836 312
225948 335
226060 366
226172 387
226288 415
226400 440
226512 463
226624 487
226736 487
226852 462
226968 440
227080 412
227192 385
227304 359
227416 335
227528 312
227640 286
227752 255
227872 231
227984 207
228096 184
228208 156
228320 127
228432 103
228544 79
228656 60
228768 48
228888 71
229000 96
229112 124
229224 143
229336 167
229448 195
229560 224
229672 248
229784 271
229896 304
230016 319
230128 352
230240 384
230352 399
230464 428
230576 451
230688 480
230804 497
230916 476
231032 448
231144 423
231256 399
