4 120
116 112
228 103
340 99
460 96
572 88
684 88
796 96
908 99
1020 110
1132 115
1244 124
1356 127
1476 135
1588 143
1700 152
1812 159
1924 167
2036 176
2148 179
2260 192
2372 193
2492 199
2604 207
2716 199
2828 193
2940 192
3052 184
3164 176
3276 167
3392 159
3508 152
3620 143
3732 135
3844 127
3956 124
4072 120
4184 112
4296 103
4408 96
4524 88
4636 83
4752 92
4864 99
4976 103
5088 113
5200 120
5312 127
5424 127
5544 143
5656 152
5768 158
5880 159
5992 167
6104 177
6216 184
6328 192
6440 199
6560 207
6672 206
6784 195
6896 192
7008 184
7120 176
7232 167
7344 159
7456 156
7576 145
7688 142
7800 127
7912 126
8024 120
8136 112
8248 103
8360 97
8472 92
8592 88
8704 88
8816 96
8928 103
9040 112
9152 120
9268 126
9380 127
9492 135
9608 145
9720 156
9832 159
9948 167
10060 176
10172 184
10284 192
10396 195
10508 199
10624 207
10740 199
10852 192
10964 188
11076 177
11188 172
11300 163
11412 159
11524 152
11644 143
11756 135
11868 127
11980 120
12092 113
12204 103
12316 99
12428 96
12540 88
12652 88
12772 96
12884 99
12996 110
13108 115
13220 124
13332 127
13444 135
13556 143
13668 152
13788 159
13900 163
14012 174
14124 179
14236 192
14348 192
14460 199
14572 207
14684 199
14804 195
14916 192
15028 184
15140 176
15252 167
15364 159
15476 152
15588 143
15704 135
15820 127
15932 124
16044 120
16156 112
16268 103
16384 96
16496 88
16608 81
16720 92
16836 97
16948 103
17064 113
17176 120
17288 127
17400 127
17512 143
17624 152
17736 158
17856 159
17968 167
18080 176
18192 184
18304 192
18416 199
18528 206
18640 207
18752 199
18872 192
18984 184
19096 176
19208 167
19320 159
19432 156
19544 147
19656 142
19768 127
19888 127
20000 120
20112 112
20224 103
20336 97
20448 92
20560 88
20672 88
20784 96
20904 103
21016 112
21128 120
21240 126
21352 127
21464 135
21580 143
21692 152
21804 159
21920 167
22032 176
22144 184
22260 192
22372 193
22484 199
22596 207
22708 199
22820 193
22936 192
23052 177
23164 172
23276 163
23388 159
23500 152
23612 143
23724 135
23836 127
23956 124
24068 115
24180 108
24292 99
24404 96
24516 88
24628 88
24740 96
24852 99
24972 108
25084 115
25196 124
25308 127
25420 135
25532 143
25644 152
25756 158
25868 163
25988 172
26100 179
26212 188
26324 192
26436 199
26548 207
26660 199
26776 195
26888 192
27004 184
27116 176
27228 167
27340 159
27456 152
27568 143
27680 135
27792 127
27904 126
28020 120
28136 112
28248 103
28360 96
28472 92
28584 81
28696 92
28808 97
