4 291
116 295
228 305
340 304
452 295
568 287
680 284
796 271
908 255
1020 255
1132 252
1244 243
1356 238
1468 227
1588 224
1700 216
1812 207
1924 199
2036 192
2148 184
2260 177
2372 167
2484 159
2604 156
2716 152
2828 142
2940 127
3052 127
3164 120
3276 112
3388 103
3500 99
3620 96
3732 88
3844 79
3956 71
4068 63
4180 60
4292 51
4404 46
4516 39
4636 31
4748 24
4860 15
4972 7
5084 3
5196 0
5312 0
5424 0
5536 7
5652 15
5764 24
5876 31
5992 35
6104 48
6216 56
6328 62
6440 63
6552 71
6668 81
6784 92
6896 96
7008 103
7120 112
7232 120
7344 127
7456 127
7568 142
7688 147
7800 156
7912 159
8024 167
8136 176
8248 184
8360 192
8472 195
8584 199
8704 211
8816 220
8928 224
9040 231
9152 240
9264 248
9376 254
9488 255
9600 255
9720 271
9832 280
9944 287
10056 287
10168 295
10280 305
10392 305
10508 295
10620 287
10736 284
10848 271
10960 255
11072 255
11188 254
11300 248
11412 240
11524 231
11636 224
11748 216
11864 207
11976 199
12088 192
12200 192
12312 177
12424 174
12536 163
12648 158
12760 152
12880 143
12992 135
13104 127
13216 124
13328 115
13440 103
13552 99
13668 96
13780 88
13896 79
14008 71
14120 63
14232 60
14348 56
14460 48
14572 39
14684 31
14796 28
14912 17
15028 7
15140 3
15252 0
15364 0
15476 0
15588 3
15700 15
15812 24
15932 30
16044 35
16156 39
16268 51
16380 60
16492 63
16604 71
16716 79
16828 88
16948 96
17060 103
17172 112
17284 120
17396 126
17508 127
17620 135
17732 143
17844 152
17964 159
18076 167
18188 176
18300 184
18412 192
18524 193
18636 199
18748 207
18864 216
18980 224
19092 231
19204 240
19316 243
19428 252
19544 255
19656 255
19768 271
19880 280
19996 286
20108 287
20224 295
20336 304
20448 312
20560 295
20672 287
20784 286
20896 280
21016 255
21128 255
21240 255
21352 248
21464 240
21576 231
21688 224
21800 216
21912 207
22032 199
22144 193
22256 192
22368 184
22480 176
22592 163
22704 159
22816 152
22928 143
23048 135
23160 127
23272 124
23384 115
23496 110
23608 99
23720 96
23832 88
23944 79
24064 71
24176 63
24288 62
24400 56
24512 48
24624 39
24740 31
24852 28
24964 19
25080 14
25192 7
25304 0
25420 0
25532 0
25644 3
25756 14
25868 19
25980 28
26096 35
26212 39
26324 51
26436 60
26548 63
26660 71
26772 79
26884 88
26996 96
27108 99
27224 112
27336 120
27448 126
27560 127
27672 135
27784 143
27896 152
28008 159
28120 167
28240 176
28352 184
28464 192
28576 195
28688 199
28800 207
