4 127
116 120
228 112
344 103
456 97
568 92
680 88
792 79
904 71
1020 63
1136 60
1248 63
1360 71
1472 79
1584 88
1696 96
1808 103
1920 112
2040 120
2152 127
2264 127
2376 135
2488 143
2600 156
2712 159
2824 167
2936 176
3056 184
3168 192
3280 195
3392 199
3504 207
3616 216
3728 224
3840 231
3952 240
4072 231
4184 225
4296 220
4408 209
4520 199
4632 195
4744 192
4860 184
4972 176
5088 167
5200 159
5312 152
5424 143
5540 135
5652 127
5764 124
5876 120
5988 112
6104 103
6220 96
6332 88
6444 79
6556 71
6668 63
6780 63
6892 62
7004 67
7116 71
7232 83
7344 92
7456 97
7568 103
7680 112
7792 120
7904 127
8016 127
8128 143
8248 152
8360 158
8472 159
8584 167
8696 176
8808 184
8920 192
9032 199
9148 206
9264 211
9376 220
9488 225
9600 231
9712 240
9824 227
9940 224
10052 216
10164 207
10280 199
10392 192
10504 184
10620 177
10732 167
10844 159
10956 156
11068 152
11180 143
11296 127
11412 127
11524 120
11636 112
11748 103
11860 99
11972 92
12084 88
12196 79
12316 71
12428 63
12540 60
12652 63
12764 71
12876 79
12988 88
13100 96
13212 99
13332 112
13444 120
13556 124
13668 127
13780 135
13892 143
14004 152
14116 159
14228 167
14348 176
14460 184
14572 192
14684 193
14796 199
14908 207
15020 216
15136 224
15248 227
15364 236
15476 231
15588 225
15700 220
15816 211
15928 199
16040 195
16152 192
16264 184
16380 176
16496 167
16608 159
16720 152
16832 143
16944 135
17056 127
17168 126
17280 120
17400 112
17512 103
17624 96
17736 92
17848 83
17960 76
18072 67
18184 63
18296 62
18416 67
18528 76
18640 83
18752 92
18864 97
18976 103
19088 112
19200 120
19312 127
19432 127
19544 143
19656 152
19768 158
19880 159
19992 167
20104 177
20216 184
20332 192
20448 199
20560 207
20672 216
20784 220
20896 225
21012 231
21124 240
21236 231
21348 224
21464 216
21576 207
21692 199
21804 192
21916 188
22028 177
22140 167
22252 159
22364 158
22476 152
22592 143
22704 127
22816 127
22928 120
23040 112
23152 103
23264 99
23376 96
23488 88
23608 79
23720 71
23832 63
23944 60
24056 63
24168 71
24280 79
24392 88
24504 96
24624 103
24736 112
24848 120
24960 124
25072 127
25184 135
25296 143
25412 152
25524 159
25640 167
25752 176
25864 184
25976 192
26092 193
26204 199
26316 207
26428 216
26540 224
26656 227
26768 236
26884 231
26996 225
27108 220
27220 211
27332 199
27444 195
27556 192
27676 184
27788 176
27900 167
28012 159
28124 156
28236 143
28348 135
28460 127
28572 126
28692 120
28804 112
