4 184
116 184
228 176
340 167
452 159
564 156
684 143
796 135
908 127
1020 126
1132 120
1244 112
1356 103
1468 115
1580 124
1700 127
1812 135
1924 143
2036 152
2148 159
2260 163
2372 174
2484 179
2596 184
2716 176
2828 167
2940 159
3052 156
3164 145
3276 140
3392 127
3504 127
3616 120
3732 112
3844 103
3956 113
4072 124
4184 127
4296 135
4408 143
4520 152
4632 158
4748 163
4864 172
4976 177
5088 184
5200 177
5312 167
5424 159
5536 156
5648 147
5768 142
5880 127
5992 127
6104 120
6216 112
6328 103
6440 112
6552 120
6664 127
6776 127
6896 143
7008 152
7120 158
7232 163
7344 167
7456 177
7568 184
7680 177
7792 167
7912 163
8024 158
8136 152
8248 143
8360 135
8472 127
8584 120
8696 113
8808 103
8928 112
9040 120
9152 127
9264 127
9376 142
9488 147
9600 156
9712 159
9828 167
9944 176
10056 184
10168 184
10280 174
10392 163
10504 159
10620 152
10732 143
10844 135
10960 127
11072 124
11184 113
11300 110
11412 112
11524 120
11636 126
11748 127
11860 135
11976 145
12092 156
12204 159
12316 167
12428 176
12540 184
12652 184
12764 176
12876 167
12996 159
13108 152
13220 143
13332 135
13444 127
13556 124
13668 120
13780 112
13892 110
14012 120
14124 124
14236 127
14348 135
14460 143
14572 152
14684 159
14796 167
14908 176
15028 184
15140 184
15252 176
15364 167
15476 159
15588 152
15700 143
15816 135
15928 127
16044 126
16156 120
16268 112
16380 108
16496 115
16608 124
16720 127
16832 135
16944 143
17060 152
17176 159
17288 167
17400 176
17512 184
17624 184
17736 176
17848 167
17960 159
18080 156
18192 143
18304 135
18416 127
18528 126
18640 120
18752 112
18864 103
18976 113
19096 124
19208 127
19320 135
19432 143
19544 152
19656 159
19768 163
19880 172
19992 177
20112 184
20224 176
20336 167
20448 159
20560 156
20672 147
20784 142
20896 127
21012 127
21128 120
21240 112
21352 103
21464 112
21576 120
21692 127
21804 127
21916 143
22028 152
22144 158
22256 163
22372 167
22484 177
22596 184
22708 177
22820 172
22932 163
23044 158
23156 152
23272 143
23384 127
23496 127
23608 120
23720 113
23832 103
23944 112
24056 120
24168 127
24288 127
24400 142
24512 147
24624 156
24736 159
24848 167
24960 176
25072 184
25184 184
25304 174
25416 163
25528 159
25640 152
25752 143
25864 135
25976 127
26092 124
26204 115
26320 103
26432 112
26544 120
26656 126
26772 127
26884 135
26996 143
27108 156
27220 159
27336 167
27452 176
27564 184
27676 184
27788 176
27900 167
28012 159
28124 152
28236 143
28356 135
28468 127
28580 124
28692 120
28804 112
