0 0
4 4
8 9
12 12
17 17
21 21
25 25
29 29
33 32
37 37
41 41
46 45
46 49
51 50
56 56
60 60
65 64
68 69
72 72
77 75
81 80
86 83
85 87
91 85
93 90
98 93
102 95
105 97
108 99
112 100
116 102
117 104
117 104
123 104
125 106
128 107
133 108
135 109
139 110
143 111
147 112
146 114
148 112
151 112
155 114
157 115
161 115
165 116
167 116
172 117
174 117
174 118
175 118
179 118
183 118
185 119
189 119
193 119
197 120
200 121
200 123
199 121
203 120
207 122
210 122
213 122
217 122
220 123
225 123
226 124
227 124
226 124
230 123
233 124
237 124
241 125
244 126
249 125
252 126
252 127
253 126
253 125
257 125
260 126
264 126
268 126
271 127
276 127
279 128
278 128
279 128
279 128
284 128
288 128
292 128
296 128
299 129
304 129
304 130
305 130
305 130
306 129
311 128
315 130
320 130
323 130
328 130
330 130
330 131
331 131
332 131
334 130
338 130
342 130
346 131
350 131
355 132
356 133
357 132
357 132
358 132
360 132
365 131
369 132
374 132
378 133
382 133
382 133
384 133
385 133
383 133
388 132
392 133
397 133
401 133
406 134
408 135
409 135
410 134
411 134
411 134
415 133
420 133
424 134
427 135
433 135
433 135
435 135
436 134
437 135
438 135
442 134
447 135
452 135
456 135
459 136
460 136
461 136
464 136
464 136
466 136
470 134
474 135
479 135
483 136
484 136
486 137
488 137
489 137
491 137
492 136
497 136
502 136
507 137
510 138
511 138
513 137
515 138
515 138
517 138
521 137
524 137
530 137
533 138
535 138
537 138
539 137
540 138
543 139
545 138
548 138
553 138
557 137
560 139
562 139
563 138
566 139
568 139
569 138
571 139
575 139
580 139
585 139
586 140
589 139
591 138
592 139
594 140
596 139
597 140
603 139
608 139
610 141
612 140
613 140
616 140
618 140
621 140
623 140
624 141
630 139
634 140
637 140
640 140
641 140
643 141
646 141
647 140
649 141
652 140
657 140
660 141
663 141
665 141
668 141
671 141
672 140
675 141
676 141
680 141
684 141
686 142
690 141
691 142
693 142
697 142
699 141
701 142
704 142
708 142
709 142
712 142
714 142
717 142
720 142
722 141
