0 0
4 4
9 8
13 12
17 16
21 21
25 24
28 28
33 33
37 37
41 41
46 45
47 50
52 51
56 56
60 59
64 64
69 68
72 72
76 76
81 79
87 82
85 87
90 85
93 89
98 93
101 94
104 96
108 98
112 99
115 101
119 103
118 103
121 104
125 104
128 106
132 107
135 107
138 108
142 110
148 111
147 112
146 112
151 112
154 112
156 113
161 113
164 114
167 114
171 115
174 116
174 116
175 116
178 116
182 116
184 117
188 118
192 119
195 119
201 118
200 120
198 119
202 118
206 119
209 119
213 121
216 121
219 121
223 121
227 122
227 122
225 123
229 121
233 122
236 122
240 123
243 123
248 123
252 124
253 125
254 124
252 124
256 123
260 123
263 124
267 125
271 124
275 125
279 125
279 126
280 126
279 126
282 125
287 125
291 127
295 126
298 127
304 127
304 128
305 128
306 127
306 128
310 128
314 128
318 128
322 128
327 128
330 128
331 129
331 129
333 129
333 129
337 128
341 129
345 129
349 129
355 129
356 131
357 130
358 131
359 130
361 130
364 130
369 129
373 131
377 130
381 131
382 131
383 131
385 131
383 132
387 130
392 131
396 132
400 131
406 132
407 132
408 132
409 132
411 132
410 132
414 131
418 132
424 133
426 132
432 132
433 133
435 133
436 133
437 132
437 133
442 132
445 133
450 133
456 133
458 135
460 133
461 134
462 134
463 133
464 133
468 133
473 134
478 133
482 134
484 135
486 135
487 135
488 135
491 134
491 135
496 134
501 134
507 135
509 135
510 135
512 135
514 135
516 135
517 135
518 135
523 135
529 135
533 135
535 136
537 136
539 136
540 135
542 136
544 136
545 136
551 136
557 135
560 137
561 136
563 137
565 137
567 136
569 136
571 136
573 137
578 136
583 137
586 137
587 137
589 137
591 137
593 137
595 137
596 137
601 137
608 136
610 138
612 137
614 137
615 138
618 138
620 138
623 138
623 138
629 137
634 138
636 138
638 138
640 139
642 139
645 139
647 138
649 139
650 138
657 138
660 139
662 139
664 139
666 139
669 139
671 139
674 139
676 139
678 139
683 138
686 140
688 139
690 139
693 139
696 140
698 139
701 140
703 140
706 139
709 140
712 140
714 139
717 139
720 140
722 140
