0 0
8 8
9 9
13 13
16 15
19 19
22 23
27 28
30 31
36 36
39 38
44 43
48 47
46 52
54 49
57 57
60 62
65 66
69 69
74 73
78 78
83 83
91 86
84 96
92 89
96 97
100 100
105 104
109 107
113 112
117 116
122 121
126 126
123 131
130 128
135 134
140 138
144 142
147 147
151 152
158 156
167 161
166 170
164 169
170 168
174 174
178 178
182 182
187 186
191 191
197 196
202 201
204 207
204 208
208 208
214 213
218 217
223 222
227 226
232 232
242 237
242 247
243 246
244 247
249 248
252 252
257 258
262 262
267 267
273 270
281 277
281 285
283 285
283 286
288 286
293 290
298 294
302 298
307 301
318 302
319 310
320 310
315 310
322 307
326 311
331 314
336 315
341 316
345 317
353 319
355 321
357 320
353 320
358 318
363 319
368 320
373 319
379 321
387 322
388 327
390 326
392 326
390 325
395 322
400 324
404 325
410 325
415 325
423 327
425 330
427 329
428 330
426 329
432 326
437 327
441 328
447 329
456 329
459 333
461 332
462 332
464 332
464 333
468 329
473 331
478 331
483 331
491 332
494 333
496 334
498 334
499 335
499 334
505 332
509 330
515 333
524 334
526 337
529 336
532 338
534 336
535 336
535 336
541 334
546 335
553 335
560 336
562 339
566 338
568 337
570 338
571 338
572 337
577 336
583 336
593 336
597 340
598 339
601 339
604 338
606 339
604 339
609 337
614 337
620 337
629 338
631 341
634 341
637 341
639 340
642 340
640 341
645 338
651 339
660 339
664 342
666 342
669 342
672 342
674 340
677 342
676 342
681 340
688 341
696 340
699 343
701 343
705 343
707 342
710 343
713 342
713 343
718 341
728 341
731 344
734 344
737 344
740 344
742 343
745 343
748 344
749 343
755 342
762 343
766 343
770 344
772 345
775 345
779 345
781 345
784 345
785 344
794 343
798 346
801 344
804 345
808 345
811 345
813 346
816 346
820 346
822 345
829 344
832 346
836 346
839 346
843 346
846 346
849 347
852 347
855 347
860 346
864 342
868 347
871 347
874 347
877 347
881 347
884 346
888 347
888 347
895 347
898 347
902 348
906 347
909 348
911 348
916 348
919 348
923 347
926 347
929 348
933 349
936 348
940 349
944 348
